0 2 3 1 6 4 5 7 8 10 11 12 9 13 16 17 15 14 18 19
0 2 3 4 1 6 5 7 10 11 9 8 13 12 15 14 17 18 16 19
0 4 3 1 2 5 7 6 11 8 9 10 14 12 13 15 17 18 16 19
1 2 0 4 6 3 5 8 9 7 12 10 11 15 13 14 17 16 19 18
0 2 1 4 3 5 7 9 6 8 11 13 10 12 14 15 18 16 19 17
1 0 2 5 6 4 3 9 7 10 8 12 11 14 13 16 15 19 17 18
1 2 0 4 5 6 3 9 7 8 12 10 11 14 13 16 17 15 19 18
1 2 0 5 3 4 7 6 11 10 8 9 14 12 13 16 15 17 18 19
1 0 3 2 6 4 5 8 10 7 9 11 13 12 16 17 15 14 19 18
0 3 4 2 1 8 7 5 6 11 9 10 14 12 13 17 15 16 18 19
1 3 0 2 5 4 7 6 9 8 10 12 14 11 13 16 18 15 17 19
1 3 0 2 5 4 6 7 8 10 11 9 12 15 16 14 13 18 19 17
0 2 1 4 5 3 7 6 11 8 9 10 13 14 12 16 15 18 19 17
0 2 1 4 3 5 8 9 7 6 11 10 15 14 12 13 18 16 19 17
1 0 4 2 3 6 5 8 7 10 11 12 9 15 13 16 14 19 17 18
2 0 3 1 5 4 7 6 11 8 9 10 14 12 13 16 18 15 17 19
3 2 0 1 6 4 5 8 7 10 11 9 13 12 14 15 18 16 19 17
0 1 5 4 2 3 7 6 9 8 12 13 11 10 15 17 14 16 18 19
3 2 0 1 5 4 9 8 6 7 11 10 12 14 15 13 17 18 16 19
1 0 4 2 5 3 6 7 8 10 9 11 15 12 13 14 16 17 18 19
2 0 1 4 5 6 3 9 10 8 7 12 14 11 13 17 15 18 16 19
1 0 4 5 3 2 7 6 9 10 11 8 14 12 13 17 15 18 16 19
2 0 3 1 6 4 5 9 7 8 12 13 11 10 16 14 15 18 19 17
2 0 3 1 5 4 7 8 6 9 11 10 14 12 15 13 18 19 17 16
0 2 1 4 3 6 5 8 10 7 9 12 13 11 15 14 18 16 17 19
1 0 3 4 2 6 5 8 7 9 12 10 11 13 17 14 15 16 19 18
0 2 1 4 3 7 5 6 8 10 11 9 13 12 14 18 15 16 17 19
1 0 3 4 2 7 5 8 6 10 9 12 11 13 16 14 15 17 18 19
1 0 2 4 5 3 7 6 9 8 12 10 11 13 14 17 15 16 19 18
2 0 1 4 5 3 8 6 7 11 9 10 14 12 13 16 15 17 18 19
0 2 1 4 3 6 5 8 7 10 9 11 13 14 12 15 16 18 17 19
2 0 1 6 5 3 4 8 9 7 10 12 13 11 14 15 18 16 19 17
0 1 2 4 5 3 7 8 6 10 9 11 13 12 15 14 17 16 19 18
0 4 3 1 2 7 5 8 6 9 11 10 13 14 12 17 15 16 18 19
1 2 0 5 3 6 4 7 9 8 12 10 11 14 16 13 15 18 17 19
1 2 3 0 6 4 5 8 7 10 9 13 11 12 14 15 19 18 16 17
3 2 0 1 4 6 5 8 7 11 12 10 9 14 13 16 15 18 19 17
0 3 1 4 2 7 8 6 5 10 11 12 9 16 15 13 14 19 17 18
2 0 1 4 3 7 5 6 8 10 11 12 9 14 15 13 17 16 19 18
0 1 2 3 6 4 7 5 8 12 11 9 10 14 13 16 17 15 19 18
0 2 1 3 6 7 5 4 9 11 8 10 13 12 15 16 14 18 19 17
1 3 0 2 5 4 8 6 7 10 11 12 9 15 16 14 13 18 17 19
1 0 2 3 6 4 5 9 7 8 13 12 10 11 15 16 14 18 17 19
1 2 3 0 4 6 7 5 8 11 9 12 10 13 14 16 17 15 18 19
3 0 1 2 4 5 7 8 6 10 9 11 13 12 15 16 14 18 19 17
1 3 0 2 7 6 4 5 10 11 9 8 12 14 13 16 15 17 18 19
1 0 3 4 5 2 7 9 6 8 13 12 10 11 14 16 15 18 17 19
2 0 1 6 3 4 5 7 9 8 11 10 13 12 14 16 15 18 17 19
0 1 4 2 3 6 7 5 9 10 8 12 13 11 15 14 17 16 19 18
0 1 3 2 4 8 7 5 6 10 9 14 11 12 13 18 17 15 16 19
1 0 2 3 4 6 7 5 11 8 9 10 14 12 13 16 15 19 17 18
2 0 3 1 5 4 8 6 9 7 11 10 13 14 12 17 15 16 19 18
3 0 1 2 5 6 4 8 7 10 12 9 11 14 16 13 15 18 19 17
1 0 2 4 3 8 5 6 7 9 12 10 11 14 15 13 17 18 19 16
0 2 3 1 5 4 8 6 7 10 9 12 11 15 16 14 13 18 17 19
2 0 1 6 3 4 5 8 9 10 7 13 14 12 11 17 15 16 18 19
2 0 1 5 3 4 7 8 6 10 9 12 11 13 14 16 18 15 17 19
0 2 3 1 5 4 8 6 7 12 11 9 10 15 13 14 17 16 19 18
1 0 2 3 5 6 4 10 9 7 8 13 11 12 15 14 18 19 17 16
2 0 1 3 5 4 7 6 9 8 10 12 11 13 16 14 15 18 17 19
1 0 3 2 7 4 5 6 8 9 12 10 11 15 13 14 16 18 17 19
2 0 1 3 4 5 6 10 9 7 8 12 11 14 15 16 13 18 19 17
1 0 3 2 6 4 5 8 10 7 9 13 11 12 16 17 15 14 19 18
1 2 0 3 5 4 6 8 7 10 9 14 13 11 12 17 18 16 15 19
0 2 1 4 5 6 3 8 9 10 7 13 11 12 17 16 14 15 18 19
1 3 0 2 4 8 7 5 6 10 11 9 15 14 12 13 18 16 19 17
1 3 0 2 5 4 6 8 7 11 9 10 14 12 15 13 17 16 18 19
0 2 3 1 5 4 9 8 6 7 11 13 10 12 14 16 15 17 18 19
1 2 0 4 3 5 7 8 6 9 11 12 10 14 15 13 16 19 17 18
1 0 4 2 5 3 7 8 6 9 10 12 11 14 15 13 18 19 17 16
2 0 3 1 4 5 8 6 7 10 9 13 11 12 16 14 17 15 19 18
2 0 1 3 4 6 5 7 8 11 9 10 12 15 13 14 17 16 19 18
0 2 1 5 3 4 7 6 9 8 12 10 11 14 15 13 17 16 18 19
1 3 0 2 4 7 8 6 5 12 9 10 11 13 16 14 15 18 17 19
1 2 0 4 5 3 6 7 9 10 11 8 13 14 12 16 18 15 17 19
0 1 2 3 5 7 4 6 9 10 11 8 13 14 12 17 15 16 19 18
1 0 2 4 5 3 6 8 9 10 7 11 13 12 15 14 18 16 17 19
1 2 0 5 3 4 9 6 7 8 10 12 11 15 13 16 14 18 17 19
1 0 2 5 3 6 4 7 9 10 11 8 13 12 15 16 14 17 19 18
1 0 3 2 4 6 8 5 7 11 9 12 10 14 15 13 19 16 17 18
0 3 1 2 5 6 4 9 7 8 11 12 10 15 16 14 13 19 17 18
1 2 0 4 5 3 7 6 8 9 13 10 11 12 15 16 14 17 18 19
2 0 1 3 5 4 7 9 6 8 13 10 11 12 14 15 16 18 19 17
2 0 1 4 3 6 7 8 5 11 9 10 13 14 12 17 18 16 15 19
1 2 0 6 5 3 4 8 7 9 11 10 13 15 12 14 16 17 18 19
0 3 1 2 5 4 8 9 7 6 11 12 10 15 16 14 13 17 19 18
1 0 3 2 5 6 4 8 7 10 9 11 15 12 13 14 18 16 19 17
2 0 1 4 6 3 5 9 10 8 7 12 14 11 13 18 17 15 16 19
0 2 3 4 1 5 6 9 10 8 7 12 11 15 13 16 14 18 19 17
3 2 0 1 4 6 5 8 9 10 7 11 13 12 15 17 14 16 18 19
2 0 3 1 7 4 5 6 9 8 11 12 10 14 13 16 18 15 17 19
1 3 0 2 6 4 5 8 7 10 11 12 9 14 13 16 15 17 19 18
3 2 0 1 4 6 5 8 7 10 9 12 11 14 13 17 15 16 18 19
1 0 4 2 3 5 7 6 11 8 9 10 12 13 15 17 14 16 18 19
1 2 0 4 5 6 3 9 7 8 13 10 11 12 15 17 14 16 19 18
0 3 1 2 6 4 7 5 9 8 13 12 10 11 15 16 14 18 19 17
2 0 1 3 5 4 8 6 7 11 12 10 9 14 16 13 15 18 17 19
0 2 3 1 5 6 4 8 9 7 12 10 11 14 15 13 17 18 16 19
0 3 1 2 6 4 7 5 8 11 9 12 10 14 13 17 18 16 15 19
1 2 3 0 4 5 8 9 7 6 11 12 10 13 15 17 14 16 19 18
1 0 3 2 4 6 5 10 9 7 8 14 13 11 12 17 15 16 19 18
1 0 3 2 6 4 5 8 7 10 9 14 11 12 13 16 15 18 17 19
1 2 3 0 4 6 7 8 5 11 9 10 12 14 16 13 15 18 17 19
3 0 1 2 4 7 5 8 6 11 9 10 14 15 13 12 17 16 19 18
2 0 1 4 3 8 7 5 6 9 12 10 13 11 15 14 16 17 19 18
2 0 1 4 3 6 5 9 7 8 11 10 13 14 12 18 17 15 16 19
2 0 1 5 6 4 3 10 9 7 8 12 11 13 14 16 17 18 15 19
2 0 3 1 5 4 7 6 10 8 9 14 11 12 13 16 17 15 18 19
0 3 1 4 2 5 7 6 8 11 9 12 10 14 13 16 15 17 18 19
0 2 3 1 5 4 7 6 9 10 8 13 11 12 17 16 14 15 19 18
1 0 2 5 6 4 3 9 7 8 11 10 13 14 12 16 17 15 19 18
2 0 1 4 5 6 3 8 9 7 11 10 13 12 14 16 15 19 17 18
2 0 3 1 5 4 8 6 7 10 9 14 13 11 12 15 19 18 16 17
1 0 3 2 6 7 5 4 10 8 9 11 13 15 12 14 17 18 16 19
0 1 2 3 7 4 5 6 9 8 10 11 13 14 15 12 17 16 18 19
0 2 3 1 5 4 7 8 6 10 11 12 9 15 13 14 18 16 17 19
1 3 0 2 5 6 4 7 8 10 12 9 11 15 13 14 18 16 19 17
0 2 3 1 6 4 5 10 9 7 8 12 13 11 15 17 14 16 18 19
1 0 3 2 4 5 9 6 7 8 13 10 11 12 15 14 17 16 18 19
0 3 1 2 4 6 7 5 9 11 8 10 13 15 12 14 17 19 16 18
0 2 1 4 3 7 5 8 6 10 11 9 13 12 15 16 17 14 19 18
1 2 0 3 6 7 5 4 8 10 12 9 11 16 13 14 15 18 19 17
1 2 3 0 5 6 7 4 10 8 9 12 13 11 14 17 15 16 18 19
1 0 2 4 6 3 5 8 10 7 9 12 13 11 14 16 15 17 18 19
2 0 3 1 5 4 7 6 8 10 9 13 14 12 11 15 17 19 16 18
2 0 3 1 5 4 6 8 7 10 9 12 11 13 16 14 15 18 17 19
0 2 1 4 3 5 8 6 9 7 13 10 11 12 16 17 15 14 19 18
1 2 0 5 3 4 7 6 9 10 8 13 11 12 16 14 17 15 18 19
1 0 2 3 7 6 4 5 11 8 9 10 14 12 13 17 15 18 16 19
2 0 1 5 3 4 6 8 9 7 10 13 14 12 11 16 17 15 19 18
1 2 0 4 3 6 5 8 7 10 9 12 11 15 13 14 17 18 19 16
1 2 3 0 5 4 8 6 7 10 12 9 11 15 13 14 19 16 17 18
1 0 2 5 3 4 7 6 10 8 9 13 11 12 16 14 15 18 17 19
0 2 1 4 5 3 6 8 7 11 9 10 13 14 12 15 16 18 17 19
1 0 2 4 3 6 5 7 10 8 9 12 13 11 14 17 15 16 19 18
2 0 1 3 5 4 6 7 10 8 9 12 11 13 16 14 17 15 18 19
0 1 4 2 3 7 5 6 9 10 8 13 11 14 12 16 15 18 17 19
0 1 4 5 3 2 7 6 11 8 9 10 13 12 15 14 18 16 19 17
2 0 1 4 3 5 7 8 6 9 11 10 12 15 13 14 18 16 19 17
1 3 0 2 4 8 7 5 6 9 12 10 11 14 13 16 17 18 15 19
1 2 0 5 3 6 4 10 7 8 9 12 13 11 14 18 17 15 16 19
3 0 1 2 4 7 8 6 5 12 11 9 10 16 15 13 14 18 17 19
0 3 4 2 1 5 9 6 7 8 13 10 11 12 17 14 15 16 19 18
3 0 1 2 5 4 7 8 6 10 9 11 13 14 12 17 15 16 18 19
1 2 0 4 5 3 7 8 9 6 11 10 13 15 12 14 17 16 19 18
1 0 2 5 3 4 8 6 9 7 11 10 14 12 15 13 16 17 19 18
1 0 4 2 3 5 7 6 8 9 11 13 10 12 15 16 14 18 17 19
0 2 1 4 3 5 6 8 7 10 9 11 12 14 13 15 17 19 16 18
1 0 3 2 4 7 5 8 6 10 11 9 13 12 14 16 17 15 18 19
1 0 3 2 5 7 4 6 8 10 9 11 13 15 12 14 17 18 16 19
2 3 1 0 6 4 5 7 10 8 11 9 13 12 16 14 15 18 19 17
0 2 1 4 5 3 7 6 8 10 12 9 11 13 17 16 14 15 18 19
1 0 4 5 3 2 6 8 7 9 13 10 11 12 15 16 17 14 19 18
0 1 3 2 4 6 5 9 10 8 7 12 11 13 15 14 17 18 16 19
1 2 3 0 6 4 7 5 9 10 11 8 15 12 13 14 17 16 19 18
2 0 1 3 5 6 7 4 10 8 9 14 13 11 12 16 15 17 18 19
1 2 0 4 3 6 7 5 9 8 12 10 11 14 13 18 15 16 17 19
1 0 3 2 4 6 7 5 10 11 9 8 12 14 16 13 15 18 17 19
3 2 0 1 6 4 5 8 7 10 9 11 13 14 12 17 15 16 18 19
2 0 1 5 3 4 8 6 7 11 9 10 13 14 12 18 15 16 17 19
1 0 3 2 6 7 5 4 9 10 11 8 12 16 13 14 15 17 19 18
1 2 3 0 6 4 5 10 7 8 9 12 13 11 17 14 15 16 18 19
0 2 1 4 5 3 7 6 9 8 13 12 10 11 17 14 15 16 18 19
0 3 1 2 5 4 9 6 7 8 12 10 11 15 13 14 18 19 17 16
1 0 2 6 5 3 4 8 7 10 11 9 12 15 13 14 18 16 19 17
1 0 3 4 5 2 7 6 9 8 11 10 15 14 12 13 18 16 17 19
0 3 4 2 1 6 7 5 8 9 11 10 13 14 12 17 18 16 15 19
1 0 3 2 5 4 7 9 6 8 11 12 10 16 15 13 14 19 17 18
3 2 0 1 6 4 5 7 9 10 8 12 14 11 13 16 15 18 19 17
1 0 3 2 5 7 4 6 9 11 8 10 15 14 12 13 17 16 19 18
1 2 0 6 3 4 5 8 9 7 12 10 11 13 15 14 17 16 18 19
2 0 1 4 5 3 7 8 9 6 13 12 10 11 15 14 16 19 17 18
1 0 3 2 5 4 6 8 10 7 9 12 11 14 13 18 15 16 17 19
1 2 0 4 5 6 3 7 11 8 9 10 12 14 13 15 17 18 19 16
1 0 3 4 2 5 7 8 6 9 10 12 13 11 14 17 18 16 15 19
1 2 3 0 4 6 5 8 10 7 9 14 11 12 13 15 16 18 17 19
2 0 1 5 3 4 7 6 9 10 8 11 12 14 15 13 16 18 19 17
1 0 3 2 5 7 4 6 8 11 9 10 15 12 13 14 17 18 16 19
1 2 0 4 3 7 5 6 8 10 9 14 11 12 13 16 15 17 18 19
3 2 0 1 6 4 7 5 10 8 9 13 11 14 12 17 18 16 15 19
1 0 4 2 3 6 5 7 10 11 9 8 13 12 14 15 16 19 17 18
0 3 1 2 7 4 5 6 9 8 10 13 14 12 11 15 17 18 19 16
2 0 1 4 3 7 5 6 9 8 13 10 11 12 15 14 17 18 16 19
1 0 3 4 2 5 7 6 10 8 9 12 11 14 15 13 17 18 16 19
0 2 1 4 3 6 7 5 8 10 9 13 11 14 12 17 15 18 16 19
0 4 1 2 3 6 5 10 9 7 8 12 11 16 15 13 14 18 17 19
2 0 1 5 3 6 4 8 7 11 12 10 9 14 13 16 15 17 18 19
1 0 2 3 5 6 7 4 10 8 9 12 11 14 16 13 15 17 19 18
2 3 1 0 6 7 5 4 10 8 9 12 14 11 13 17 15 16 18 19
0 1 2 6 5 3 4 9 10 8 7 12 13 14 11 16 17 15 18 19
1 2 0 4 3 6 7 5 9 8 11 10 15 14 12 13 16 19 17 18
1 0 3 2 7 4 5 6 11 8 9 10 13 12 16 14 15 17 18 19
1 0 5 4 2 3 9 8 6 7 11 10 12 14 13 18 15 16 17 19
0 2 3 4 1 7 5 6 9 8 10 12 11 15 13 14 19 18 16 17
3 2 0 1 6 4 7 5 10 11 9 8 14 12 15 13 19 18 16 17
0 2 4 1 3 6 8 5 7 11 9 10 12 15 13 14 16 17 18 19
2 0 1 5 3 4 7 6 8 9 10 12 13 11 16 14 15 18 17 19
3 0 1 2 6 4 5 7 9 10 8 13 14 12 11 16 15 18 19 17
1 0 2 3 5 6 4 9 7 10 8 12 11 13 15 14 19 16 17 18
1 0 2 4 6 3 5 9 7 8 11 13 10 12 15 16 17 14 19 18
2 0 3 1 4 5 7 8 6 11 9 10 13 12 14 15 17 18 16 19
1 2 3 0 5 7 4 6 9 8 10 12 11 14 13 17 15 16 18 19
1 0 2 4 5 6 3 7 9 10 8 12 13 14 11 18 15 16 17 19
0 3 1 2 4 5 8 6 7 9 11 12 10 14 13 18 17 15 16 19
1 0 3 5 2 4 8 9 7 6 13 12 10 11 14 18 15 16 17 19
1 2 0 3 7 4 5 6 9 10 8 14 11 12 13 16 17 15 18 19
1 0 4 2 3 7 5 6 9 10 8 13 14 12 11 17 15 16 19 18
2 0 1 5 3 4 7 6 8 9 13 10 11 12 14 17 15 16 18 19
1 3 0 2 7 6 4 5 9 8 12 10 13 11 15 16 14 17 19 18
1 2 0 3 5 6 4 7 10 8 9 12 11 15 16 14 13 17 18 19
0 2 1 4 3 7 5 6 8 10 9 12 14 11 13 15 16 18 19 17
0 3 1 2 5 4 8 9 7 6 11 12 13 10 14 16 15 18 17 19
3 2 0 1 6 4 7 5 9 11 8 10 12 13 14 16 17 18 15 19
1 3 0 2 5 4 6 8 7 10 9 11 14 12 15 13 18 16 17 19
1 2 0 4 5 3 9 6 7 8 13 10 11 12 14 17 18 16 15 19
1 0 2 3 6 4 7 5 9 11 8 10 12 16 15 13 14 19 17 18
2 0 1 3 5 7 4 6 8 11 9 10 12 14 13 15 17 18 19 16
1 0 3 2 7 4 5 6 9 10 8 11 14 12 13 16 15 18 19 17
1 0 3 4 5 2 6 9 7 8 11 10 13 12 15 16 14 17 19 18
2 0 1 4 3 5 9 8 6 7 10 12 11 15 13 16 14 18 17 19
1 0 3 2 5 4 9 6 7 8 11 10 13 12 14 16 17 18 15 19
0 2 3 1 6 4 7 5 9 10 11 8 14 12 15 13 18 16 19 17
3 0 1 2 6 4 5 7 8 11 9 10 12 14 13 15 17 16 19 18
1 2 3 0 4 6 7 5 10 8 11 9 13 12 14 17 18 16 15 19
2 0 1 4 3 8 5 6 7 9 13 12 10 11 15 14 16 18 17 19
1 0 3 2 6 4 5 8 9 7 13 12 10 11 16 17 15 14 18 19
2 0 3 1 7 6 4 5 9 11 8 10 15 12 13 14 16 17 18 19
3 0 1 2 6 4 5 9 10 8 7 12 13 11 17 16 14 15 18 19
0 2 1 5 3 6 4 8 9 7 11 12 10 15 13 14 17 16 18 19
1 0 3 5 2 4 7 6 9 10 8 13 11 14 12 15 16 17 18 19
2 0 3 1 4 6 7 5 10 8 9 12 14 11 13 17 15 16 19 18
1 2 0 5 3 4 8 6 7 9 10 13 11 12 15 14 16 19 17 18
1 2 0 3 5 4 8 6 7 10 11 9 13 12 17 14 15 16 19 18
2 0 1 4 3 5 6 8 9 7 11 12 10 13 16 14 15 17 19 18
1 2 0 4 3 5 7 9 6 8 10 12 11 14 13 17 18 16 15 19
2 0 1 6 5 3 4 7 11 8 9 10 13 12 15 14 17 18 16 19
2 0 3 1 6 4 7 5 11 8 9 10 13 12 15 14 18 16 17 19
1 0 3 2 4 6 5 7 9 11 8 10 13 12 15 17 14 16 18 19
2 0 3 1 4 6 5 8 7 12 9 10 11 14 15 13 16 18 17 19
1 2 0 4 3 6 5 8 9 10 7 12 13 11 15 14 16 17 18 19
1 0 3 2 6 4 7 5 9 11 8 10 13 12 14 18 15 16 17 19
0 2 1 6 5 3 4 8 7 10 12 9 11 14 13 16 15 17 18 19
0 2 1 3 4 7 5 8 6 10 9 12 13 11 15 14 18 19 17 16
1 0 2 6 3 4 5 9 7 10 8 13 11 14 12 18 15 16 17 19
1 0 3 4 2 6 7 8 5 11 12 10 9 15 13 14 17 16 18 19
0 3 4 2 1 5 7 8 6 10 9 12 11 13 15 16 14 18 17 19
1 0 4 2 5 3 6 7 9 8 11 12 13 10 16 14 15 18 17 19
1 0 2 5 6 4 3 8 9 7 12 10 13 11 15 14 17 16 19 18
0 1 2 6 5 3 4 8 9 10 7 12 13 11 15 14 17 18 16 19
2 0 1 3 4 6 5 8 9 10 7 12 11 14 15 13 17 18 16 19
0 2 3 1 5 4 7 8 9 6 10 12 11 13 15 14 17 18 16 19
1 2 0 6 5 3 4 8 9 7 10 12 13 14 11 16 17 15 19 18
1 2 0 5 3 4 6 8 9 7 11 12 10 15 13 14 17 16 18 19
0 1 3 4 2 5 8 6 7 9 12 10 11 14 13 15 17 19 16 18
0 2 1 4 3 5 8 9 7 6 11 10 15 12 13 14 17 16 19 18
0 2 3 1 5 6 4 8 7 12 9 10 11 13 14 15 16 17 19 18
1 0 3 2 5 4 7 8 6 9 10 11 13 15 12 14 17 16 18 19
1 0 3 2 5 4 7 6 9 8 11 10 12 13 15 16 17 14 19 18
1 2 3 0 5 4 7 6 8 9 11 10 13 12 16 14 15 17 19 18
2 0 1 4 5 3 6 7 11 10 8 9 13 12 14 16 15 17 19 18
1 0 3 4 2 6 5 10 7 8 9 11 12 14 16 13 15 17 18 19
1 2 3 0 7 4 5 6 9 8 11 10 12 13 15 14 17 19 16 18
1 0 2 3 5 4 8 6 7 11 9 10 15 12 13 14 19 18 16 17
2 3 1 0 6 4 5 7 10 8 9 13 11 12 15 16 14 17 18 19
2 0 1 3 4 6 7 8 5 11 9 10 14 12 13 16 15 18 19 17
1 2 0 4 3 6 5 8 7 10 12 9 11 16 15 13 14 18 17 19
1 0 3 2 5 6 4 9 7 8 11 12 10 14 13 17 18 16 15 19
0 2 3 1 5 4 6 7 9 8 10 12 11 15 13 14 17 18 16 19
1 0 4 2 3 5 7 8 6 10 9 13 11 12 15 14 19 18 16 17
0 2 1 4 6 3 5 8 7 9 10 12 11 14 13 15 17 18 16 19
1 2 0 3 6 4 5 9 7 10 8 13 14 12 11 16 15 19 17 18
1 0 2 4 3 7 8 6 5 9 13 12 10 11 15 14 17 16 19 18
1 0 5 4 2 3 7 9 6 8 12 13 11 10 17 16 14 15 18 19
2 0 1 4 6 3 5 10 9 7 8 13 11 12 15 14 17 18 16 19
1 0 2 3 5 4 7 6 9 8 10 13 11 14 12 17 15 16 18 19
3 0 1 2 5 7 4 6 10 8 11 9 13 12 16 17 15 14 18 19
0 1 3 4 2 6 7 5 9 8 11 12 10 14 13 16 15 19 17 18
2 3 1 0 6 4 7 5 9 10 8 12 13 14 11 16 17 15 18 19
1 2 0 4 3 6 5 8 7 10 11 9 14 15 13 12 18 16 19 17
1 2 0 4 3 7 5 6 9 8 10 12 13 14 11 16 15 18 17 19
2 0 1 4 5 3 6 7 9 8 13 10 11 12 15 14 17 18 16 19
3 2 0 1 5 6 4 8 7 9 11 10 14 12 15 13 16 17 19 18
1 0 3 2 5 4 6 8 9 7 11 10 13 12 16 17 15 14 19 18
0 1 2 4 5 3 7 6 9 10 8 12 11 15 16 14 13 17 18 19
1 0 3 4 5 2 6 10 7 8 9 13 11 14 12 15 19 18 16 17
1 0 2 3 5 6 4 9 7 8 11 13 10 12 15 17 14 16 19 18
1 2 0 4 6 3 5 8 9 10 7 11 13 14 15 12 17 16 19 18
3 0 1 2 6 4 7 5 10 11 9 8 15 12 13 14 18 16 17 19
2 0 1 4 5 3 6 9 10 8 7 12 14 11 13 17 15 16 19 18
2 3 1 0 5 4 7 6 10 8 9 11 12 14 16 13 15 17 18 19
1 2 0 5 6 4 3 8 7 10 9 11 12 14 15 13 17 16 19 18
0 4 3 1 2 6 5 9 10 8 7 12 11 14 15 16 13 19 17 18
1 2 0 4 6 3 5 8 7 9 11 10 14 12 13 16 17 15 19 18
2 0 3 1 5 4 7 6 8 9 10 12 13 11 15 14 17 16 19 18
1 3 0 2 6 4 7 5 10 8 9 13 11 12 17 16 14 15 18 19
0 2 1 4 5 3 7 6 8 10 11 9 14 12 13 15 18 16 19 17
1 0 5 4 2 3 8 6 7 12 9 10 11 14 13 15 18 19 17 16
1 0 2 3 4 6 5 7 8 10 11 9 14 12 13 16 17 15 18 19
0 2 1 4 5 3 6 8 7 10 11 9 14 12 13 17 15 18 16 19
3 2 0 1 4 7 5 6 9 8 11 10 13 15 12 14 17 18 16 19
1 2 0 3 4 6 7 8 5 11 9 10 12 13 14 15 18 16 19 17
1 0 3 2 5 6 4 10 9 7 8 11 13 15 12 14 18 16 17 19
0 2 3 4 1 5 7 8 6 11 9 10 14 12 15 13 17 19 16 18
2 0 3 1 5 6 7 4 9 8 12 10 11 14 13 17 15 16 19 18
1 2 0 4 3 7 5 6 9 8 11 10 12 14 15 13 18 19 17 16
1 2 3 0 5 6 7 4 8 10 11 9 12 14 16 13 15 17 18 19
0 1 4 2 3 6 5 9 7 8 12 10 11 14 15 13 17 18 19 16
2 0 1 4 5 3 8 6 7 10 12 9 11 14 13 15 16 18 19 17
3 2 0 1 5 4 7 6 9 10 8 13 11 12 15 14 18 16 17 19
0 2 1 5 3 4 8 9 7 6 11 10 14 12 15 13 18 16 17 19
1 2 0 4 5 3 7 6 9 10 8 12 11 15 16 14 13 17 18 19
1 0 2 6 3 4 5 7 9 8 12 10 11 16 13 14 15 18 19 17
2 0 1 4 3 7 8 6 5 10 11 12 9 13 14 16 15 18 19 17
0 3 1 2 4 5 7 6 10 8 9 12 13 11 14 18 15 16 17 19
1 2 3 0 6 7 5 4 9 10 11 8 13 14 12 16 17 15 18 19
1 0 2 4 5 3 7 9 6 8 10 12 13 11 15 14 17 18 16 19
1 3 0 2 4 8 7 5 6 11 9 10 14 12 13 16 15 17 18 19
1 0 3 5 2 4 6 8 9 7 11 12 10 15 13 16 14 18 17 19
0 1 4 5 3 2 7 8 9 6 12 13 11 10 14 15 17 16 19 18
2 0 1 3 5 4 6 8 7 9 11 12 10 13 15 16 14 19 17 18
0 3 4 2 1 8 5 6 7 10 11 9 13 12 15 14 17 16 19 18
1 0 2 5 3 6 4 9 7 8 12 10 11 14 15 13 16 18 19 17
1 0 2 4 3 6 7 5 9 10 8 12 13 14 11 16 15 17 18 19
1 0 4 2 3 7 5 6 9 8 13 12 10 11 14 15 17 16 18 19
3 0 1 2 7 6 4 5 11 10 8 9 13 14 12 17 15 16 19 18
2 0 3 1 4 5 7 8 6 9 11 12 13 10 15 14 17 16 18 19
2 0 1 4 5 3 9 6 7 8 11 12 10 13 15 14 17 18 16 19
3 2 0 1 4 7 5 6 9 8 11 10 13 12 15 16 14 17 18 19
1 0 4 2 3 6 5 7 8 10 9 12 13 11 15 17 14 16 18 19
3 0 1 2 5 4 6 8 7 9 11 12 13 10 16 14 15 17 19 18
0 2 3 1 5 4 9 6 7 8 10 13 11 12 15 16 14 18 19 17
0 3 1 2 4 6 5 8 7 11 9 12 10 14 15 13 17 16 19 18
1 0 5 4 2 3 6 8 7 9 12 10 11 15 13 16 14 19 17 18
0 2 1 4 5 3 6 8 7 10 9 11 14 12 13 16 15 17 18 19
0 2 1 3 4 5 9 8 6 7 12 13 11 10 14 16 15 17 19 18
1 0 4 2 3 6 5 8 9 7 11 10 12 13 15 16 14 17 18 19
0 1 3 4 2 6 7 5 9 8 10 11 12 13 15 17 14 16 18 19
0 2 3 1 6 7 5 4 9 11 8 10 13 14 12 15 17 16 18 19
1 2 0 4 3 6 7 8 5 10 11 9 13 12 15 14 17 18 19 16
2 0 1 5 3 4 7 9 6 8 11 10 13 12 14 17 15 16 19 18
0 3 1 4 2 5 9 8 6 7 10 13 14 12 11 16 15 18 17 19
1 2 0 4 3 5 8 6 7 11 9 12 10 15 13 14 16 18 19 17
1 0 3 4 2 5 6 8 7 10 9 12 13 11 15 14 18 19 17 16
1 0 3 4 2 6 7 5 9 8 12 10 13 11 15 14 16 18 19 17
0 3 1 2 5 4 8 6 7 9 10 12 13 11 15 14 18 16 19 17
0 3 4 2 1 5 9 6 7 8 10 12 13 11 15 16 17 14 18 19
2 0 1 3 4 8 5 6 7 11 12 10 9 14 13 17 15 16 18 19
3 0 1 2 5 4 7 6 9 8 11 12 10 15 13 16 14 18 17 19
1 0 2 5 3 4 7 6 9 8 12 10 13 11 14 17 15 16 18 19
0 2 3 1 4 5 8 9 7 6 11 12 10 15 13 14 18 16 17 19
2 3 1 0 5 4 8 6 9 7 11 12 10 13 14 16 17 18 15 19
0 3 1 2 4 8 7 5 6 10 11 9 13 12 16 14 17 15 18 19
2 0 3 1 5 6 4 8 9 10 7 12 11 13 17 14 15 16 18 19
1 0 2 4 5 3 7 8 6 10 9 12 13 11 17 14 15 16 18 19
1 0 3 5 2 4 7 8 6 10 11 9 13 15 12 14 18 19 17 16
0 1 3 2 5 7 4 6 9 10 8 12 13 11 15 14 18 16 17 19
0 2 1 4 5 3 7 8 9 6 10 11 13 14 15 12 17 16 19 18
1 0 2 4 3 6 7 5 8 10 9 12 11 15 13 14 17 18 16 19
0 1 2 4 3 7 5 6 8 10 11 12 9 15 13 14 18 16 19 17
2 0 3 1 6 7 5 4 9 8 13 12 10 11 16 14 17 15 18 19
1 0 3 2 4 5 7 8 6 10 9 11 12 14 13 16 17 15 18 19
1 2 0 5 3 4 7 6 9 10 8 12 13 14 11 15 18 16 19 17
0 1 3 2 5 4 8 6 9 7 11 10 13 14 12 15 16 18 17 19
2 0 3 1 5 6 7 4 9 8 10 13 11 14 12 15 17 18 16 19
1 0 2 3 7 4 5 6 11 10 8 9 13 12 15 14 16 19 17 18
2 0 1 3 5 4 7 6 9 10 8 12 11 16 13 14 15 18 17 19
1 0 5 2 3 4 7 8 9 6 10 12 11 14 13 16 15 18 19 17
1 2 0 6 3 4 5 8 9 7 11 12 10 14 16 13 15 17 19 18
1 0 2 5 3 6 4 7 9 8 11 10 13 12 16 14 15 19 17 18
0 1 3 4 5 2 6 10 7 8 9 12 11 13 15 17 14 16 18 19
0 2 3 1 5 4 6 8 7 10 9 12 14 11 13 15 19 16 17 18
2 0 1 5 3 4 8 6 9 7 11 10 13 12 15 14 17 16 19 18
1 2 3 0 5 4 7 6 9 8 11 12 10 14 15 16 13 17 19 18
1 0 2 4 5 3 7 6 10 8 9 13 11 12 15 14 18 16 19 17
1 0 3 2 4 6 7 5 9 8 10 12 11 14 13 17 15 16 19 18
1 2 0 6 3 4 5 8 7 9 12 10 11 15 13 16 14 17 18 19
3 2 0 1 5 4 7 8 6 10 9 12 11 14 13 15 17 18 19 16
2 0 1 5 6 4 3 7 9 8 11 10 13 12 14 16 15 18 17 19
0 4 3 1 2 5 7 6 11 10 8 9 15 14 12 13 17 18 16 19
1 0 3 2 5 6 4 10 7 8 9 12 11 14 13 17 15 16 19 18
2 0 1 6 5 3 4 8 9 10 7 12 13 11 15 14 18 16 17 19
1 2 0 3 5 6 4 9 7 8 11 10 15 14 12 13 17 18 16 19
0 3 1 4 2 6 8 5 7 10 11 9 13 15 12 14 19 16 17 18
2 0 1 5 3 4 7 6 8 12 9 10 11 14 15 13 18 16 17 19
1 0 3 2 6 4 7 5 10 8 9 12 11 14 15 13 17 16 19 18
0 3 1 4 2 5 7 6 9 8 11 12 13 10 16 14 15 18 17 19
1 0 3 4 5 2 6 10 9 7 8 11 12 14 15 13 16 18 19 17
3 2 0 1 5 6 4 9 7 8 11 10 13 14 12 17 15 16 19 18
1 0 5 4 2 3 6 10 9 7 8 11 12 14 13 17 15 16 19 18
2 0 3 1 5 4 7 9 6 8 10 11 13 12 14 16 17 18 15 19
2 0 1 5 3 4 8 6 7 10 11 12 9 13 16 17 15 14 18 19
0 3 1 2 4 7 5 6 9 10 8 12 11 13 15 14 17 16 19 18
1 0 3 4 2 6 7 5 8 10 11 9 13 12 15 17 14 16 18 19
1 2 0 3 5 7 4 6 8 9 10 11 13 12 14 17 18 16 15 19
2 0 1 5 6 4 3 9 7 8 12 10 11 14 16 13 15 19 17 18
1 3 0 2 6 4 5 10 9 7 8 12 11 14 13 18 15 16 17 19
1 0 3 2 4 7 5 6 9 10 11 8 14 12 13 15 19 18 16 17
0 3 1 2 4 5 7 6 8 12 11 9 10 15 13 16 14 18 19 17
0 1 2 4 5 3 6 10 7 8 9 11 15 12 13 14 18 16 19 17
1 2 0 4 5 3 6 7 10 8 9 12 11 15 13 16 14 17 19 18
3 2 0 1 6 4 5 9 7 8 11 10 12 13 15 14 16 19 17 18
1 0 3 4 5 2 6 8 7 9 11 10 13 12 16 14 15 17 18 19
1 2 0 3 4 5 8 6 7 11 9 10 14 12 13 16 15 19 17 18
1 0 5 4 2 3 8 9 7 6 12 10 11 13 14 15 17 16 19 18
2 0 3 1 5 4 8 6 9 7 12 10 13 11 14 16 15 19 17 18
0 2 3 4 1 6 7 5 9 10 11 8 15 14 12 13 16 17 18 19
0 2 1 6 5 3 4 7 10 8 9 12 11 16 13 14 15 17 19 18
2 3 1 0 6 7 5 4 9 11 8 10 15 14 12 13 16 17 18 19
3 0 1 2 6 4 5 9 10 8 7 12 13 11 14 16 15 18 19 17
2 0 1 3 5 6 4 9 10 8 7 11 14 12 13 16 15 18 17 19
2 0 1 4 5 3 9 8 6 7 10 11 13 14 15 12 18 16 17 19
1 2 0 4 5 6 3 8 10 7 9 14 11 12 13 16 17 15 19 18
1 0 2 3 6 4 5 7 11 8 9 10 12 14 13 15 16 18 17 19
2 3 1 0 5 6 4 8 9 7 12 10 11 14 13 15 18 19 17 16
1 0 4 2 3 6 7 8 5 10 12 9 11 14 13 17 18 16 15 19
1 0 2 5 3 4 7 8 6 9 12 10 11 13 14 16 15 17 18 19
1 0 2 5 3 6 4 9 7 10 8 11 15 14 12 13 18 19 17 16
3 2 0 1 4 7 5 6 9 8 11 10 14 12 15 13 18 19 17 16
3 0 1 2 5 6 4 7 11 8 9 10 13 12 15 14 17 19 16 18
1 0 4 2 3 5 7 6 11 10 8 9 14 12 15 13 18 16 17 19
0 3 1 4 2 6 5 8 7 12 9 10 11 15 13 16 14 17 18 19
1 0 3 2 4 6 5 8 9 7 11 12 10 14 13 16 15 17 19 18
0 1 3 2 5 4 7 6 9 10 8 11 13 14 12 18 17 15 16 19
1 2 0 5 3 4 6 9 7 10 8 13 11 12 14 16 15 18 17 19
0 1 3 2 6 4 7 5 10 8 9 11 12 14 15 13 17 18 16 19
0 4 1 2 3 6 7 5 8 11 9 12 10 15 13 16 14 17 19 18
2 0 3 1 5 4 8 6 7 11 12 10 9 15 13 14 18 16 17 19
1 0 4 2 3 5 6 8 7 10 9 11 13 12 16 14 15 18 19 17
1 0 3 4 2 6 5 8 10 7 9 13 14 12 11 17 15 18 16 19
2 0 1 4 5 3 7 8 9 6 11 10 13 12 14 18 15 16 17 19
0 2 1 5 3 4 7 8 6 10 9 11 13 12 16 14 15 18 17 19
0 2 1 3 7 6 4 5 8 10 9 11 14 12 15 13 17 19 16 18
0 1 5 4 2 3 9 6 7 8 12 13 11 10 14 16 17 15 18 19
1 0 5 4 2 3 6 7 11 8 9 10 13 12 16 14 15 18 17 19
3 0 1 2 5 4 9 8 6 7 13 10 11 12 16 14 15 18 17 19
1 2 0 3 5 4 8 6 7 10 11 12 9 14 13 17 15 16 19 18
0 2 3 1 5 4 7 6 9 11 8 10 14 12 13 15 17 16 18 19
2 0 3 1 5 6 4 8 9 7 12 10 11 15 16 14 13 17 18 19
1 0 2 6 5 3 4 8 7 9 11 10 12 14 13 16 17 15 18 19
1 0 3 2 5 4 7 8 6 11 9 12 10 14 15 13 17 16 19 18
1 0 2 3 5 4 7 8 6 10 9 12 11 14 13 18 17 15 16 19
1 0 5 2 3 4 7 8 6 12 9 10 11 13 15 16 14 17 18 19
3 2 0 1 6 4 5 7 9 8 11 10 15 14 12 13 19 18 16 17
1 3 0 2 5 4 6 9 7 10 8 11 12 13 15 16 14 17 19 18
1 0 3 4 2 8 5 6 7 9 12 10 11 15 13 14 17 18 16 19
2 0 1 4 3 8 7 5 6 9 10 12 13 11 15 17 14 16 18 19
3 2 0 1 6 4 5 8 9 7 13 10 11 12 14 17 15 18 16 19
1 0 4 5 3 2 9 8 6 7 11 12 10 14 13 16 15 18 19 17
1 2 3 0 5 7 4 6 8 9 11 10 12 14 13 17 15 16 19 18
0 1 3 2 5 4 7 9 6 8 10 12 14 11 13 15 18 16 17 19
0 2 1 4 5 6 3 8 7 9 11 10 12 13 15 17 14 16 19 18
2 0 1 3 5 4 9 6 7 8 11 10 14 12 13 16 17 15 19 18
2 0 1 4 3 6 5 8 7 9 10 14 11 12 13 16 15 17 18 19
1 0 3 2 7 4 5 6 9 11 8 10 13 12 16 14 17 15 18 19
0 1 3 4 2 5 8 6 7 11 9 12 10 14 16 13 15 17 18 19
1 0 3 2 5 6 4 10 7 8 9 12 11 14 13 15 17 18 16 19
0 2 1 4 3 6 5 8 7 10 9 12 13 11 16 14 17 15 19 18
3 0 1 2 5 6 7 4 10 11 9 8 15 14 12 13 18 16 17 19
2 0 1 3 5 6 4 8 7 10 9 12 13 11 16 17 15 14 18 19
2 0 3 1 4 5 7 6 11 10 8 9 12 16 13 14 15 19 17 18
0 3 1 2 5 6 4 7 9 10 8 12 13 11 15 14 17 18 16 19
1 0 3 4 2 5 6 7 9 10 8 11 13 12 14 15 17 16 19 18
1 0 4 2 3 8 7 5 6 11 9 10 13 14 12 15 16 18 17 19
1 0 2 3 4 6 5 8 7 11 12 10 9 15 13 14 18 16 17 19
1 0 4 2 5 3 7 6 8 12 11 9 10 13 14 17 18 16 15 19
2 0 1 5 6 4 3 9 7 8 11 12 10 15 16 14 13 18 19 17
1 0 2 4 3 8 7 5 6 11 9 12 10 14 15 13 16 18 17 19
1 2 0 4 5 3 6 8 7 10 9 12 13 11 16 17 15 14 18 19
2 0 1 4 3 8 5 6 7 9 10 12 13 11 15 16 14 18 17 19
0 2 3 1 6 4 7 5 9 10 11 8 13 12 15 17 14 16 19 18
3 0 1 2 5 6 7 4 8 11 9 10 12 13 15 14 18 16 17 19
2 0 1 5 3 6 4 7 9 10 8 12 11 14 13 15 18 16 17 19
1 2 3 0 5 4 7 8 6 10 11 9 13 14 12 18 15 16 17 19
1 2 0 4 3 6 7 5 9 11 8 10 14 12 15 13 18 16 17 19
1 0 3 2 6 4 5 8 10 7 9 13 11 12 15 17 14 16 19 18
1 3 0 2 5 4 6 8 7 11 9 10 13 12 15 14 17 18 16 19
2 0 1 5 3 4 9 6 7 8 11 10 15 12 13 14 18 16 17 19
1 2 0 4 3 7 5 6 8 9 11 12 13 10 15 14 17 18 19 16
1 0 2 5 3 4 6 8 9 10 7 11 13 12 14 15 17 16 19 18
2 0 3 1 6 4 7 5 9 8 11 10 13 12 15 16 14 17 18 19
1 2 0 4 3 7 5 6 8 10 11 12 9 15 13 14 16 17 18 19
1 0 2 5 3 4 7 8 9 6 10 11 14 12 15 13 16 18 17 19
1 0 4 2 3 6 5 9 7 8 11 13 10 12 16 14 15 17 19 18
1 0 4 2 3 5 8 6 9 7 13 10 11 12 15 14 18 16 17 19
1 2 0 4 6 3 5 7 10 8 9 12 13 11 17 16 14 15 19 18
1 0 2 3 4 7 5 8 6 10 12 9 11 13 14 18 17 15 16 19
1 0 4 2 5 3 8 6 7 11 12 10 9 15 16 14 13 17 19 18
1 0 3 4 2 7 5 6 8 9 10 12 11 14 15 13 17 16 18 19
0 3 1 2 5 6 4 7 9 8 10 11 12 14 13 17 18 16 15 19
2 3 1 0 5 6 4 8 7 9 13 10 11 12 16 14 15 18 17 19
0 3 1 2 4 6 5 8 9 7 11 12 10 15 13 14 17 16 18 19
3 0 1 2 7 4 5 6 9 10 8 12 13 11 15 14 16 18 17 19
1 0 2 6 5 3 4 8 9 10 7 12 14 11 13 16 17 18 15 19
1 0 5 4 2 3 8 6 7 10 11 9 13 12 15 14 17 16 18 19
1 2 0 4 3 6 5 8 9 7 12 10 11 14 13 15 16 19 17 18
1 0 3 4 5 2 6 7 9 8 10 12 13 11 15 16 14 18 17 19
2 0 1 3 4 7 5 6 8 10 12 9 11 14 13 18 17 15 16 19
1 2 0 4 6 3 5 8 9 7 10 12 11 13 16 14 15 19 17 18
1 0 3 4 5 2 6 10 9 7 8 12 14 11 13 15 16 18 17 19
2 0 1 4 3 5 6 10 7 8 9 13 14 12 11 15 17 16 19 18
1 0 3 2 5 6 4 8 9 10 7 13 11 14 12 15 17 18 16 19
0 4 1 2 3 6 5 10 7 8 9 14 13 11 12 16 15 18 19 17
1 2 0 4 3 6 7 5 8 12 11 9 10 13 14 15 17 16 19 18
3 0 1 2 7 6 4 5 9 8 10 12 13 11 17 14 15 16 19 18
1 0 2 5 6 4 3 8 7 12 9 10 11 14 13 18 17 15 16 19
3 2 0 1 5 6 4 8 7 10 9 11 13 12 15 16 14 18 19 17
0 3 4 2 1 6 5 7 9 8 11 12 10 14 13 16 15 19 17 18
2 0 1 4 5 6 3 8 7 12 11 9 10 14 16 13 15 18 19 17
3 2 0 1 7 4 5 6 9 8 11 10 12 15 13 16 14 18 19 17
0 3 1 2 6 4 5 7 9 10 11 8 13 12 15 16 17 14 18 19
0 3 1 4 2 6 5 8 7 9 13 12 10 11 15 14 17 18 16 19
1 0 2 5 3 6 4 10 7 8 9 11 12 14 15 13 17 18 16 19
2 0 3 1 6 7 5 4 10 11 9 8 15 14 12 13 17 16 19 18
1 2 0 4 5 6 3 7 8 12 11 9 10 13 14 16 17 15 18 19
1 0 4 2 5 3 6 7 9 8 12 10 11 14 15 16 13 17 18 19
1 2 0 3 5 4 7 8 6 11 9 10 13 12 14 16 18 15 17 19
2 0 1 6 3 4 5 9 7 8 10 12 11 14 13 17 15 16 19 18
2 3 1 0 5 4 6 9 7 10 8 12 11 14 15 16 13 17 18 19
1 0 3 2 5 6 4 7 8 11 9 10 12 14 13 16 15 18 17 19
1 2 0 5 3 6 4 8 7 11 9 10 13 12 15 16 14 17 19 18
1 0 4 2 3 6 7 5 9 10 11 8 12 15 13 14 17 16 18 19
1 2 0 3 4 6 7 5 11 8 9 10 13 12 17 14 15 16 18 19
0 3 1 2 4 5 7 8 6 10 9 11 13 14 12 16 15 18 19 17
1 0 5 2 3 4 7 8 6 11 12 10 9 13 16 14 15 18 17 19
1 3 0 2 4 6 8 5 7 10 12 9 11 14 13 17 15 16 19 18
2 0 1 4 5 3 8 6 7 9 10 12 11 14 13 16 15 17 18 19
1 2 0 4 5 6 3 9 7 8 11 10 13 12 14 15 18 16 17 19
1 2 0 6 5 3 4 10 7 8 9 12 14 11 13 16 18 15 17 19
0 2 1 3 5 6 4 8 7 12 9 10 11 14 13 18 17 15 16 19
3 0 1 2 6 4 5 8 9 7 10 12 11 13 15 14 17 18 16 19
1 0 3 4 2 7 5 6 8 11 9 10 12 14 13 17 15 16 18 19
0 3 1 2 5 6 4 7 11 10 8 9 13 14 12 16 18 15 17 19
2 0 1 4 5 3 6 7 9 11 8 10 13 14 12 16 17 15 18 19
1 0 3 4 5 2 7 6 10 8 9 12 14 11 13 15 18 19 17 16
1 2 0 4 3 6 8 5 7 12 11 9 10 15 13 16 14 17 18 19
1 0 3 5 2 4 8 6 7 10 9 11 13 12 17 14 15 16 19 18
3 0 1 2 5 7 4 6 9 8 11 10 12 16 13 14 15 17 18 19
0 1 2 4 5 3 7 6 10 8 9 12 11 14 16 13 15 18 17 19
1 2 3 0 6 7 5 4 11 10 8 9 13 14 12 15 18 16 17 19
1 0 3 4 5 2 9 6 7 8 12 10 13 11 15 14 19 18 16 17
1 3 0 2 7 6 4 5 11 8 9 10 15 12 13 14 17 18 16 19
2 0 1 4 6 3 5 8 9 7 10 12 11 16 15 13 14 19 17 18
1 2 0 6 3 4 5 8 9 7 11 12 10 13 16 14 15 19 17 18
0 2 1 4 5 3 6 8 7 11 12 10 9 13 14 15 17 16 19 18
2 0 1 3 5 6 4 8 9 7 11 10 14 12 15 13 16 18 17 19
2 3 1 0 4 7 5 8 6 10 9 12 13 11 15 16 17 14 18 19
1 3 0 2 5 6 4 7 10 8 11 9 13 14 12 18 17 15 16 19
1 0 3 2 5 4 7 6 9 8 12 13 11 10 14 15 16 19 17 18
1 0 3 2 7 6 4 5 8 9 11 10 12 15 13 14 16 18 17 19
1 0 3 5 2 4 8 6 7 9 11 10 12 13 17 14 15 16 18 19
2 0 1 5 3 4 7 6 11 10 8 9 12 16 13 14 15 19 17 18
0 2 1 5 3 4 6 10 7 8 9 12 11 14 15 13 19 16 17 18
1 3 0 2 5 4 7 6 8 11 9 10 13 12 14 16 17 15 19 18
1 2 0 6 3 4 5 8 9 7 11 13 10 12 17 16 14 15 19 18
1 2 0 5 3 4 7 6 9 8 12 10 13 11 15 16 14 19 17 18
0 3 4 2 1 7 5 8 6 9 11 12 10 15 13 14 16 17 19 18
2 0 1 3 6 4 5 8 9 10 7 12 13 14 11 16 15 18 17 19
0 3 1 2 5 4 8 6 7 10 9 13 11 14 12 15 16 19 17 18
1 2 0 4 3 8 5 6 7 10 9 11 12 13 16 14 15 18 17 19
2 0 1 4 5 3 6 7 9 8 11 12 10 14 13 16 17 15 18 19
2 0 3 1 5 4 7 6 9 8 11 12 10 14 13 16 17 18 15 19
1 0 3 2 4 7 5 6 9 8 10 11 12 15 16 14 13 17 19 18
0 3 1 4 2 5 7 8 6 9 10 12 11 13 15 14 17 16 18 19
1 0 2 5 3 4 7 8 9 6 10 11 12 14 15 13 18 16 17 19
1 0 2 4 3 8 5 6 7 11 9 10 13 14 12 16 17 18 15 19
1 2 0 3 4 7 8 6 5 10 11 9 12 14 13 16 15 18 19 17
1 0 2 6 3 4 5 9 7 10 8 11 14 15 13 12 17 16 19 18
1 0 2 4 3 6 7 5 8 9 11 13 10 12 15 16 14 17 19 18
1 0 2 3 4 5 7 8 6 12 9 10 11 13 14 15 16 18 19 17
1 0 2 4 5 3 8 6 9 7 11 12 10 13 15 14 16 18 17 19
1 3 0 2 5 6 4 8 7 11 9 10 12 14 15 13 17 16 18 19
0 1 4 2 3 5 6 7 9 8 12 10 11 14 15 13 18 16 17 19
2 0 3 1 7 4 5 6 9 8 10 12 14 11 13 15 16 18 17 19
2 0 1 4 3 7 5 6 9 11 8 10 14 15 13 12 16 19 17 18
1 0 4 5 3 2 8 6 7 12 11 9 10 14 16 13 15 18 19 17
1 0 3 2 5 4 6 7 9 8 11 10 12 13 15 14 17 16 19 18
2 0 3 1 5 4 6 7 10 11 9 8 13 12 14 16 15 18 17 19
0 2 3 4 1 6 7 8 5 10 9 11 14 12 13 16 18 15 17 19
0 2 1 3 7 4 5 6 10 11 9 8 14 12 15 13 17 18 16 19
1 3 0 2 4 6 7 8 5 10 12 9 11 13 16 14 17 15 18 19
1 2 0 5 3 4 7 6 9 8 10 12 13 14 11 17 15 18 16 19
1 3 0 2 4 5 6 10 9 7 8 12 13 14 11 15 19 16 17 18
0 2 1 4 6 3 5 7 8 11 9 10 12 15 16 14 13 19 17 18
0 3 4 2 1 6 5 10 9 7 8 12 13 11 14 16 17 15 18 19
2 0 1 3 5 4 6 7 9 11 8 10 13 12 15 14 17 16 18 19
3 0 1 2 7 4 5 6 8 11 9 10 12 14 15 13 16 17 19 18
2 0 1 4 3 7 5 8 6 10 9 12 13 11 16 17 15 14 19 18
2 3 1 0 7 4 5 6 9 8 11 10 12 15 13 14 16 18 17 19
1 0 4 2 3 5 7 8 6 10 9 13 11 12 15 16 17 14 19 18
1 2 0 3 6 4 7 5 9 10 11 8 12 14 13 15 19 16 17 18
2 3 1 0 5 4 7 6 11 8 9 10 12 13 15 14 16 17 19 18
2 0 1 3 5 4 7 8 6 10 9 11 13 12 15 14 18 19 17 16
2 0 3 1 5 6 4 9 7 10 8 12 11 16 13 14 15 17 18 19
0 2 1 4 3 7 8 6 5 9 11 10 14 12 13 15 17 18 16 19
2 0 1 3 5 4 9 6 7 8 11 12 10 14 15 13 19 16 17 18
2 3 1 0 4 7 5 6 9 8 10 12 14 11 13 17 18 16 15 19
0 2 1 3 5 7 4 6 9 8 11 10 14 12 15 13 19 18 16 17
1 2 0 4 6 3 5 8 9 7 11 10 13 12 15 16 14 18 17 19
1 0 3 2 5 6 7 4 9 8 11 10 12 13 15 14 19 18 16 17
0 2 3 1 6 4 5 8 7 11 9 10 13 14 12 17 18 16 15 19
2 0 1 4 3 6 7 5 9 8 12 10 13 11 14 15 17 18 16 19
1 3 0 2 4 5 7 6 10 8 9 13 11 12 16 14 17 15 19 18
1 2 0 4 3 5 6 9 7 8 11 13 10 12 15 14 17 16 19 18
0 2 1 5 3 6 4 7 8 9 11 12 10 14 13 16 15 19 17 18
0 3 1 4 2 6 5 8 7 10 9 13 11 12 14 18 15 16 17 19
2 0 1 4 3 6 7 5 10 8 9 11 13 12 16 17 15 14 19 18
0 3 4 2 1 7 5 6 9 10 8 12 11 16 15 13 14 17 19 18
0 3 1 2 5 4 8 6 7 9 10 14 13 11 12 18 15 16 17 19
0 3 1 2 5 4 7 9 6 8 12 10 11 16 13 14 15 17 19 18
3 0 1 2 5 4 7 6 9 8 11 12 10 13 14 17 18 16 15 19
1 2 0 3 6 7 5 4 8 11 12 10 9 16 13 14 15 18 17 19
1 0 3 2 5 4 8 6 7 11 9 10 12 16 13 14 15 17 18 19
0 3 1 2 6 4 5 9 7 8 11 12 10 13 15 14 17 16 18 19
0 2 1 4 5 6 3 8 9 7 11 12 10 14 13 15 17 18 16 19
1 0 3 2 5 4 9 6 7 8 12 10 13 11 14 16 15 18 19 17
0 2 1 3 5 6 4 7 9 8 11 10 12 13 15 14 17 18 16 19
3 0 1 2 5 4 7 8 6 9 11 12 10 15 13 16 14 18 19 17
1 2 3 0 6 4 7 5 8 10 12 9 11 14 15 13 17 18 19 16
0 1 3 4 5 2 8 6 7 11 9 12 10 14 13 15 17 18 16 19
0 1 2 5 3 4 7 8 9 6 13 10 11 12 15 16 14 18 17 19
1 2 0 4 3 6 8 5 7 10 11 12 9 16 15 13 14 17 18 19
0 2 4 1 3 7 5 6 10 8 9 13 14 12 11 17 18 16 15 19
2 0 1 4 3 6 5 7 10 11 9 8 14 12 13 18 17 15 16 19
2 3 1 0 5 6 7 4 9 11 8 10 12 14 15 16 13 18 19 17
2 0 1 4 3 6 8 5 7 11 9 10 14 12 13 16 15 18 19 17
1 0 3 2 5 4 8 6 9 7 13 12 10 11 15 14 17 18 19 16
1 3 0 2 7 6 4 5 8 10 11 9 13 12 15 14 17 16 18 19
1 0 4 2 3 7 5 6 8 11 12 10 9 14 16 13 15 18 17 19
0 3 1 4 2 8 5 6 7 10 9 12 11 14 13 17 15 16 18 19
1 2 3 0 7 4 5 6 9 10 8 12 11 13 17 16 14 15 18 19
0 1 3 2 6 4 5 7 9 8 11 12 10 16 15 13 14 19 17 18
0 2 1 4 5 3 7 6 10 11 9 8 13 12 14 16 15 19 17 18
1 2 3 0 4 6 8 5 7 10 11 9 12 13 14 15 16 17 18 19
0 3 4 2 1 5 7 8 9 6 11 13 10 12 15 17 14 16 18 19
1 0 3 2 5 6 4 8 9 7 12 10 13 11 15 17 14 16 19 18
2 3 1 0 6 7 5 4 9 11 8 10 13 12 15 17 14 16 18 19
0 3 1 2 6 4 7 5 9 8 12 10 11 13 14 16 15 19 17 18
1 2 3 0 5 4 7 9 6 8 10 11 13 14 12 17 15 16 18 19
1 2 0 4 5 3 6 8 9 7 11 12 10 13 15 14 17 16 18 19
2 0 1 5 3 4 9 6 7 8 11 12 10 14 13 16 15 18 17 19
0 2 1 3 5 6 7 4 11 8 9 10 13 14 15 12 17 18 16 19
2 3 1 0 5 4 6 8 9 7 11 10 14 12 13 18 15 16 17 19
0 4 1 2 3 5 7 8 6 10 9 12 13 11 15 14 17 18 16 19
2 0 3 1 6 4 7 5 9 10 11 8 14 15 13 12 17 16 18 19
1 0 2 4 3 7 5 6 9 11 8 10 13 12 15 14 17 16 19 18
1 0 3 2 7 6 4 5 10 11 9 8 12 14 16 13 15 19 17 18
2 0 1 4 3 7 5 6 8 10 9 12 11 14 15 16 13 18 17 19
1 0 3 2 6 4 5 7 9 10 11 8 14 12 13 18 17 15 16 19
2 0 1 4 5 3 7 8 6 9 11 13 10 12 15 14 17 16 19 18
1 2 3 0 5 4 8 6 7 10 9 13 11 14 12 16 17 15 19 18
1 0 2 4 3 5 6 9 10 8 7 12 11 14 15 13 18 16 19 17
0 2 3 4 1 5 6 8 9 7 10 12 11 13 15 16 14 18 17 19
1 0 3 2 6 4 5 9 7 8 11 10 13 12 16 14 17 15 18 19
2 3 1 0 5 7 4 6 10 8 9 13 11 12 16 17 15 14 19 18
1 3 0 2 6 7 5 4 9 8 10 12 13 14 11 16 17 15 19 18
1 2 0 4 3 8 7 5 6 9 12 10 11 14 13 16 17 15 19 18
0 3 1 2 4 6 7 5 8 10 11 9 13 12 14 16 17 15 19 18
0 1 2 3 5 4 6 7 8 10 9 12 13 11 15 14 17 18 19 16
0 1 5 2 3 4 6 10 7 8 9 13 11 12 15 17 14 16 18 19
2 0 1 3 6 4 5 7 10 11 9 8 14 12 13 16 17 15 18 19
0 1 2 5 3 4 7 6 9 8 11 10 14 15 13 12 18 19 17 16
1 2 0 4 3 6 7 5 9 8 10 12 11 14 13 16 15 18 19 17
1 3 0 2 6 4 5 8 10 7 9 12 11 14 15 13 18 16 17 19
3 0 1 2 7 4 5 6 9 8 13 12 10 11 14 16 17 15 18 19
2 3 1 0 5 4 6 8 9 10 7 12 13 11 14 16 15 18 17 19
1 2 0 4 3 5 7 6 9 10 8 12 11 14 13 17 15 16 18 19
0 2 3 4 1 6 5 7 9 10 8 13 11 14 12 16 15 19 17 18
3 2 0 1 5 6 4 10 7 8 9 12 14 11 13 17 15 16 19 18
1 2 3 0 5 4 8 6 7 10 9 12 13 11 14 17 15 18 16 19
0 1 3 4 2 5 8 6 7 12 11 9 10 13 15 14 19 18 16 17
0 2 1 4 3 6 5 9 7 8 13 12 10 11 14 16 15 18 17 19
2 3 1 0 5 4 6 8 9 7 10 12 11 14 13 15 17 18 19 16
0 1 3 4 5 2 6 8 9 7 10 14 13 11 12 16 17 18 15 19
1 3 0 2 4 6 5 9 10 8 7 13 11 12 14 16 15 17 18 19
1 2 0 3 6 4 5 8 9 10 7 13 11 12 15 16 14 18 17 19
3 0 1 2 4 6 7 5 9 8 10 11 14 12 13 15 16 19 17 18
2 0 1 4 5 6 3 10 9 7 8 13 11 12 15 14 19 18 16 17
2 0 1 4 3 5 8 6 7 11 9 10 14 12 15 13 19 16 17 18
1 2 0 4 3 7 5 6 9 8 10 12 13 11 15 16 14 18 19 17
1 2 0 4 3 7 5 6 10 8 9 14 13 11 12 16 15 17 18 19
0 2 1 6 3 4 5 8 9 7 12 10 11 14 13 18 17 15 16 19
0 2 3 1 4 7 8 6 5 10 11 12 9 16 15 13 14 18 17 19
0 2 3 1 4 8 7 5 6 10 9 14 13 11 12 15 17 18 16 19
1 2 0 4 3 6 5 7 11 10 8 9 15 14 12 13 16 18 17 19
1 2 0 4 3 6 8 5 7 10 9 14 13 11 12 16 15 19 17 18
1 0 3 2 5 6 4 8 9 10 7 11 13 14 15 12 18 16 17 19
1 0 5 4 2 3 6 8 9 7 13 10 11 12 14 18 15 16 17 19
1 0 4 2 3 6 5 8 9 10 7 12 13 11 15 14 17 16 18 19
1 2 0 3 6 4 7 5 9 10 8 12 13 14 11 15 19 18 16 17
2 0 3 1 5 4 7 6 8 11 9 12 10 16 13 14 15 18 17 19
0 2 4 1 3 6 7 5 9 8 10 12 11 15 16 14 13 17 18 19
0 3 1 2 6 4 5 8 7 10 11 9 13 12 15 17 14 16 18 19
1 2 0 3 7 4 5 6 10 8 9 12 11 14 13 16 17 15 19 18
2 0 1 4 6 3 5 8 7 9 10 12 11 13 16 14 15 17 18 19
3 2 0 1 4 6 7 8 5 12 9 10 11 15 13 14 18 16 17 19
1 2 3 0 4 6 5 10 9 7 8 11 14 12 13 16 17 15 18 19
3 0 1 2 5 4 9 6 7 8 10 11 12 13 17 14 15 16 19 18
3 2 0 1 5 4 9 8 6 7 11 10 13 12 16 17 15 14 18 19
0 2 1 4 5 3 7 8 6 9 12 10 11 14 13 15 16 18 19 17
3 2 0 1 5 7 4 6 10 8 11 9 15 14 12 13 19 16 17 18
1 0 4 2 3 7 5 6 9 8 12 13 11 10 17 14 15 16 18 19
3 2 0 1 5 4 9 8 6 7 11 10 12 15 13 14 16 17 19 18
1 0 2 4 3 7 5 6 10 8 9 11 13 14 12 16 17 18 15 19
2 0 3 1 6 4 7 5 9 10 11 8 12 15 13 14 17 18 16 19
1 0 4 2 3 5 8 9 7 6 11 10 12 14 15 13 17 16 19 18
1 0 4 2 3 5 6 7 9 10 8 12 11 14 15 13 17 18 19 16
0 1 3 4 5 2 6 8 7 10 11 9 13 12 14 15 17 18 16 19
1 2 0 4 6 3 5 8 9 7 12 10 11 15 13 14 16 18 17 19
2 0 1 5 3 4 7 8 6 9 12 13 11 10 14 17 15 16 18 19
2 3 1 0 6 7 5 4 10 8 9 12 14 11 13 16 15 19 17 18
0 2 1 4 6 3 5 7 8 9 11 12 10 15 16 14 13 17 19 18
1 2 0 5 3 4 8 9 7 6 11 13 10 12 15 14 16 18 17 19
0 3 1 4 2 7 5 6 10 8 11 9 14 15 13 12 16 17 19 18
0 2 3 1 5 4 7 6 10 8 9 11 13 14 12 15 16 17 19 18
2 3 1 0 5 4 6 8 7 10 11 9 13 12 15 16 14 17 19 18
0 3 4 2 1 6 5 9 7 8 12 10 11 13 15 14 18 16 17 19
3 2 0 1 6 4 7 5 9 8 10 11 14 12 13 16 17 18 15 19
2 0 1 6 3 4 5 8 9 10 7 13 11 14 12 16 15 18 19 17
0 2 1 5 6 4 3 8 7 11 12 10 9 16 13 14 15 17 18 19
0 2 1 3 7 4 5 6 8 11 9 10 12 14 13 15 16 18 17 19
1 0 4 5 3 2 8 6 7 10 9 12 11 13 17 14 15 16 18 19
2 3 1 0 6 4 5 8 7 11 9 12 10 15 13 14 16 17 18 19
1 3 0 2 5 6 4 8 7 12 9 10 11 14 13 16 15 18 17 19
1 0 3 2 4 7 5 6 10 11 9 8 13 12 15 14 16 18 17 19
0 1 3 4 5 2 6 7 10 11 9 8 14 12 15 13 17 18 16 19
1 2 0 5 6 4 3 8 10 7 9 12 14 11 13 16 17 15 18 19
1 3 0 2 4 6 5 8 9 7 10 13 11 12 15 16 14 18 17 19
1 0 2 3 4 8 7 5 6 9 11 10 14 12 15 13 17 16 19 18
1 0 4 2 3 5 6 7 9 8 11 12 13 10 16 14 17 15 18 19
1 2 0 4 5 3 7 6 8 10 9 12 11 14 13 17 15 16 19 18
0 1 5 4 2 3 6 9 7 10 8 13 11 12 16 14 15 17 19 18
1 2 0 3 5 4 9 6 7 8 13 12 10 11 17 16 14 15 19 18
0 2 1 4 3 6 5 9 10 8 7 11 13 12 14 16 17 15 19 18
1 2 0 4 5 3 7 8 6 10 11 9 12 14 15 13 17 19 16 18
0 2 1 5 3 4 6 7 9 11 8 10 13 14 12 16 15 17 19 18
1 3 0 2 5 6 4 10 9 7 8 11 13 12 15 16 17 14 18 19
1 0 3 2 5 7 4 6 8 10 9 11 14 12 15 13 18 16 19 17
1 2 0 5 3 4 8 6 7 10 9 14 13 11 12 16 17 15 18 19
2 0 1 4 5 3 7 8 6 10 9 11 14 12 13 17 15 18 16 19
0 2 3 1 4 7 5 6 10 8 11 9 14 12 15 13 16 17 18 19
2 0 1 4 5 6 3 8 7 9 13 12 10 11 15 14 18 16 17 19
2 0 1 3 5 4 7 6 10 8 11 9 12 13 15 14 16 17 19 18
1 0 2 5 3 6 4 9 10 8 7 11 13 14 12 16 15 18 17 19
3 0 1 2 5 6 4 7 8 12 11 9 10 14 15 13 16 18 17 19
0 2 3 1 4 5 7 8 6 10 9 14 13 11 12 16 15 17 18 19
1 2 0 4 5 3 6 7 8 10 9 13 11 14 12 16 15 18 19 17
1 0 2 3 5 4 6 9 7 8 11 10 14 15 13 12 17 18 19 16
1 2 0 5 3 6 4 10 9 7 8 11 13 12 15 14 17 18 19 16
2 0 3 1 6 4 7 5 9 10 8 11 13 14 12 16 15 18 19 17
1 0 2 4 3 5 6 7 9 11 8 10 13 12 15 16 14 18 19 17
0 1 3 2 5 4 7 6 8 9 11 12 13 10 16 14 15 18 17 19
0 3 1 2 5 6 4 8 7 11 9 12 10 13 15 17 14 16 19 18
2 0 1 5 3 4 7 6 10 8 9 12 13 14 11 15 17 18 16 19
1 0 2 3 5 4 9 8 6 7 10 13 11 14 12 16 15 19 17 18
3 2 0 1 6 4 5 7 10 8 9 13 11 12 16 17 15 14 18 19
1 2 3 0 6 4 5 7 9 11 8 10 13 14 12 16 15 19 17 18
1 0 2 4 5 3 7 6 10 8 11 9 13 14 12 16 18 15 17 19
1 0 3 4 2 6 5 10 7 8 9 13 11 12 15 14 17 16 19 18
1 0 3 4 2 5 6 8 7 10 9 12 13 14 11 16 15 17 19 18
0 2 1 3 5 4 7 6 9 8 10 13 11 12 14 15 18 16 19 17
0 2 3 1 4 5 7 8 9 6 11 10 15 14 12 13 18 19 17 16
1 2 0 4 3 5 7 6 11 10 8 9 13 12 15 16 14 18 17 19
1 2 0 5 3 4 6 9 7 8 11 12 10 15 13 16 14 18 17 19
0 4 1 2 3 6 5 8 9 7 11 10 15 12 13 14 16 18 17 19
2 0 1 4 3 6 7 5 9 10 8 11 13 12 15 16 14 18 17 19
0 2 1 4 3 6 5 9 7 8 13 12 10 11 15 14 17 16 19 18
1 0 4 2 3 8 5 6 7 10 9 11 13 15 12 14 18 16 17 19
1 0 3 4 2 6 7 5 8 9 10 11 13 15 12 14 16 18 17 19
0 2 1 3 4 7 5 6 10 8 11 9 13 14 12 17 15 18 16 19
0 2 4 1 3 6 7 8 5 10 11 12 9 13 15 14 17 18 16 19
0 2 3 1 6 4 5 8 7 10 9 11 13 12 16 17 15 14 18 19
1 0 3 2 5 4 7 6 9 11 8 10 13 12 15 14 16 17 18 19
0 1 4 2 3 6 5 8 7 9 11 10 14 12 13 16 15 18 19 17
1 0 4 2 3 6 8 5 7 11 9 10 13 14 12 16 17 15 19 18
1 0 3 2 7 4 5 6 8 12 11 9 10 13 16 14 15 19 17 18
0 3 4 2 1 5 8 6 9 7 11 12 13 10 14 18 17 15 16 19
1 2 0 5 6 4 3 10 7 8 9 11 14 15 13 12 17 16 18 19
2 0 3 1 4 6 5 8 7 10 11 9 13 12 15 16 14 18 17 19
2 0 1 3 7 4 5 6 9 8 12 10 13 11 15 16 14 17 19 18
2 0 1 6 3 4 5 7 9 8 12 13 11 10 15 14 16 17 19 18
2 3 1 0 6 4 7 5 11 8 9 10 13 14 12 16 18 15 17 19
2 0 3 1 4 6 7 5 10 8 9 12 13 11 15 16 14 17 18 19
1 2 0 3 4 6 7 5 9 10 8 12 11 16 15 13 14 19 17 18
2 0 3 1 5 6 4 9 7 10 8 12 11 15 13 14 16 19 17 18
0 2 1 4 3 6 8 5 7 9 11 10 13 14 12 16 17 15 18 19
1 0 4 2 3 5 9 6 7 8 10 12 11 13 15 14 17 18 16 19
1 2 0 6 5 3 4 9 7 8 13 10 11 12 15 16 14 18 17 19
1 3 0 2 4 6 7 8 5 9 10 13 14 12 11 15 17 16 19 18
1 0 3 4 2 7 5 6 8 9 12 10 11 14 13 16 17 15 18 19
2 0 1 4 5 3 6 7 9 8 12 10 11 13 14 16 15 18 17 19
2 3 1 0 6 7 5 4 11 10 8 9 13 12 16 14 15 18 17 19
0 2 1 4 5 3 6 7 9 10 8 12 13 11 17 16 14 15 18 19
0 3 1 2 5 7 4 6 9 10 8 12 11 15 13 14 17 18 16 19
1 3 0 2 5 6 4 9 7 8 12 10 13 11 16 14 17 15 18 19
1 3 0 2 6 4 5 9 7 10 8 12 11 14 15 16 13 18 17 19
0 3 1 2 4 5 8 6 9 7 11 10 12 16 13 14 15 18 17 19
1 2 3 0 6 4 7 5 8 11 9 10 14 12 13 16 17 18 15 19
1 2 0 4 3 6 5 9 7 10 8 13 14 12 11 17 15 16 19 18
1 0 2 3 6 4 5 7 10 8 9 13 14 12 11 17 18 16 15 19
1 0 5 4 2 3 9 8 6 7 10 12 11 14 13 16 17 15 19 18
1 0 2 5 3 4 6 9 7 8 12 10 13 11 15 14 17 18 16 19
1 2 0 3 6 4 5 8 9 10 7 14 13 11 12 15 16 17 19 18
1 2 0 4 3 7 5 6 9 10 8 13 11 12 14 17 15 16 18 19
0 2 1 4 5 3 8 6 9 7 11 10 12 14 13 16 17 18 15 19
1 0 3 4 5 2 7 6 9 10 8 11 13 14 12 16 18 15 17 19
1 0 3 2 5 4 6 7 10 8 9 12 11 14 13 17 15 16 18 19
1 2 0 3 6 4 5 7 8 9 11 12 10 14 15 13 19 16 17 18
1 0 5 4 2 3 7 8 6 10 12 9 11 13 14 15 16 18 19 17
3 2 0 1 4 6 7 5 10 8 9 12 11 14 13 16 17 15 19 18
1 0 2 5 3 4 7 6 9 8 11 10 13 12 17 16 14 15 19 18
2 3 1 0 7 6 4 5 9 8 12 10 11 13 14 15 19 18 16 17
3 0 1 2 4 6 7 5 9 10 8 13 14 12 11 16 15 18 17 19
1 3 0 2 5 4 7 8 6 10 9 14 13 11 12 16 15 19 17 18
1 2 3 0 4 6 5 8 9 7 11 10 13 12 15 14 17 16 18 19
1 0 3 4 2 6 7 8 5 11 9 10 14 15 13 12 17 16 18 19
1 0 2 3 4 6 5 7 9 11 8 10 13 12 14 16 15 18 19 17
2 0 3 1 5 7 4 6 9 10 8 13 11 12 16 14 15 18 17 19
1 0 4 2 3 6 7 8 5 10 11 12 9 14 13 17 15 18 16 19
1 2 0 5 3 6 4 7 9 8 13 10 11 12 15 14 19 18 16 17
3 0 1 2 4 7 5 6 9 10 8 11 14 12 13 16 15 18 19 17
0 1 3 2 5 6 4 7 10 8 9 12 11 13 16 17 15 14 18 19
0 3 1 2 7 6 4 5 9 8 11 12 13 10 15 14 16 18 17 19
1 0 2 3 5 6 4 8 7 10 11 12 9 13 16 14 15 19 17 18
0 2 3 1 7 6 4 5 8 10 9 14 13 11 12 15 19 16 17 18
1 3 0 2 7 6 4 5 8 10 9 12 13 11 15 14 17 19 16 18
3 2 0 1 5 7 4 6 8 12 11 9 10 13 16 14 15 18 17 19
1 0 2 3 5 4 7 8 6 11 9 12 10 14 15 16 13 17 18 19
3 2 0 1 5 4 6 9 7 8 10 12 13 11 16 14 17 15 18 19
0 2 1 5 3 4 7 6 10 8 9 13 11 14 12 16 15 18 17 19
0 4 1 2 3 8 7 5 6 9 10 13 11 14 12 18 15 16 17 19
2 0 1 4 5 3 9 6 7 8 11 12 10 15 16 14 13 17 19 18
1 0 2 4 5 6 3 7 10 8 9 12 11 15 16 14 13 18 17 19
1 3 0 2 5 6 4 9 7 8 10 13 14 12 11 16 17 15 19 18
2 0 1 4 5 3 7 8 6 10 11 12 9 14 13 18 17 15 16 19
2 0 1 4 3 5 9 8 6 7 11 12 10 13 15 16 14 18 17 19
2 0 1 4 3 7 8 6 5 11 12 10 9 13 16 14 15 18 17 19
0 1 3 5 2 4 8 6 7 9 10 13 11 12 15 14 18 16 17 19
1 2 0 3 7 6 4 5 9 10 8 14 11 12 13 18 17 15 16 19
0 2 1 6 3 4 5 9 7 10 8 11 13 12 15 14 17 16 18 19
2 0 1 4 5 3 7 9 6 8 13 12 10 11 14 15 19 18 16 17
1 2 0 4 3 7 5 6 9 8 10 11 15 14 12 13 17 16 19 18
3 0 1 2 6 7 5 4 9 8 11 10 13 12 16 14 15 18 17 19
1 3 0 2 5 4 7 6 8 10 9 12 11 15 16 14 13 19 17 18
1 0 3 4 2 6 5 7 9 10 8 12 13 14 11 15 18 16 17 19
1 2 0 4 3 7 5 6 8 10 11 12 9 14 13 16 17 15 19 18
0 1 2 3 5 6 4 7 10 8 9 13 11 12 15 16 17 14 19 18
3 2 0 1 5 4 6 7 9 8 11 10 13 14 12 18 15 16 17 19
1 0 4 5 3 2 7 6 8 9 10 12 13 14 11 17 15 16 18 19
1 0 4 2 3 6 8 5 7 10 9 14 11 12 13 17 15 16 19 18
0 4 3 1 2 5 7 6 9 10 11 8 13 12 16 14 17 15 18 19
3 0 1 2 6 7 5 4 9 10 8 13 11 12 15 16 17 14 19 18
1 0 3 4 5 2 7 9 6 8 12 10 11 14 15 13 16 18 17 19
0 1 4 2 5 3 7 9 6 8 12 10 11 14 15 16 13 18 17 19
0 2 3 4 1 8 7 5 6 11 9 10 15 12 13 14 19 18 16 17
2 0 1 4 3 6 5 8 9 7 11 12 10 14 13 17 15 16 18 19
1 2 0 4 3 6 5 8 9 7 12 13 11 10 15 14 16 18 17 19
1 2 0 4 3 8 7 5 6 10 9 12 13 11 15 14 17 16 18 19
0 2 1 4 5 3 7 8 9 6 13 10 11 12 14 16 18 15 17 19
2 0 1 4 5 3 7 8 9 6 11 10 13 12 14 18 15 16 17 19
1 0 2 3 6 4 5 8 7 9 10 13 11 12 14 16 17 15 19 18
1 0 2 5 6 4 3 9 10 8 7 11 13 12 15 14 17 16 19 18
2 0 1 5 3 4 7 9 6 8 11 13 10 12 16 14 15 17 19 18
1 0 4 5 3 2 6 7 9 10 8 11 12 13 15 16 14 18 17 19
0 3 1 4 2 6 7 5 9 8 12 10 11 15 13 14 17 18 19 16
0 2 1 3 6 4 5 9 7 10 8 12 11 14 13 17 18 16 15 19
1 0 3 2 4 7 5 6 10 8 9 11 12 15 13 14 19 18 16 17
0 3 1 2 5 7 4 6 10 11 9 8 13 14 12 17 15 18 16 19
2 0 1 3 4 7 5 6 9 8 11 12 10 14 15 13 17 16 19 18
1 0 4 2 3 5 8 6 9 7 11 12 10 14 15 13 17 19 16 18
2 0 1 4 6 3 5 8 9 10 7 13 11 12 14 17 15 16 18 19
0 1 3 5 2 4 7 8 6 10 9 11 12 13 15 14 16 18 19 17
1 0 3 2 5 6 4 9 7 8 11 12 10 14 15 13 17 18 16 19
3 0 1 2 6 4 5 7 8 10 9 12 14 11 13 16 17 18 15 19
0 2 3 1 6 4 5 8 9 7 11 12 13 10 15 16 14 17 18 19
2 0 1 4 3 6 5 8 7 10 12 9 11 15 13 14 16 17 18 19
2 0 1 6 5 3 4 8 9 7 12 13 11 10 15 16 14 18 19 17
2 0 1 5 3 6 4 9 7 8 11 10 13 12 16 14 17 15 18 19
1 0 4 2 5 3 7 6 9 10 8 13 11 12 15 14 19 18 16 17
2 0 3 1 4 5 8 6 9 7 11 10 13 12 16 17 15 14 18 19
1 0 4 2 3 5 7 8 6 10 9 14 13 11 12 15 17 18 16 19
1 2 3 0 5 6 4 9 7 8 10 11 12 15 13 14 18 16 17 19
1 0 3 4 2 5 7 8 9 6 11 10 13 14 12 16 15 17 19 18
2 0 1 4 5 3 6 8 9 7 11 10 13 12 14 16 17 15 18 19
1 0 3 2 4 5 7 6 9 8 12 10 11 14 13 15 17 18 16 19
1 0 3 4 2 5 7 6 9 10 8 11 15 14 12 13 17 18 16 19
2 3 1 0 6 4 5 7 10 11 9 8 12 13 16 14 15 18 17 19
1 0 4 2 3 6 7 5 8 9 11 10 12 14 15 13 17 18 16 19
0 4 1 2 3 6 7 5 8 10 9 12 13 14 11 16 15 19 17 18
1 2 0 4 3 6 5 9 7 8 10 12 11 14 13 15 18 16 19 17
0 2 3 4 1 6 5 7 8 10 9 14 11 12 13 16 17 15 19 18
2 0 1 4 3 6 7 5 8 9 11 12 10 15 13 16 14 18 19 17
3 2 0 1 4 7 5 8 6 10 9 13 14 12 11 16 17 15 19 18
1 3 0 2 6 7 5 4 9 10 11 8 12 14 13 16 15 18 17 19
1 0 2 4 6 3 5 7 9 10 11 8 13 12 16 14 17 15 18 19
1 2 0 5 3 4 7 6 8 11 9 12 10 14 13 16 17 15 18 19
1 0 5 2 3 4 7 9 6 8 10 12 11 14 15 13 17 19 16 18
2 0 1 6 5 3 4 8 7 10 9 12 13 11 17 14 15 16 18 19
1 2 0 4 3 6 5 8 7 10 9 11 13 12 16 14 15 18 17 19
1 0 3 4 2 5 7 8 9 6 13 12 10 11 14 16 15 19 17 18
2 0 1 4 3 8 7 5 6 11 9 10 12 14 15 16 13 18 17 19
1 2 0 3 4 5 8 6 7 10 12 9 11 13 15 16 17 14 19 18
1 0 3 5 2 4 7 8 6 11 9 10 14 12 13 15 17 18 16 19
1 0 2 4 6 3 5 8 9 10 7 13 11 12 15 14 17 18 16 19
1 0 3 4 5 2 7 6 8 9 11 13 10 12 15 16 14 17 18 19
1 0 3 2 5 6 7 4 8 10 11 9 12 14 13 15 17 18 19 16
0 1 3 2 4 7 5 6 9 8 13 10 11 12 15 16 17 14 19 18
0 2 1 3 5 7 4 6 10 8 9 12 13 11 14 16 15 18 19 17
0 1 3 4 2 5 8 6 7 9 11 10 12 13 15 14 17 18 19 16
2 0 1 6 3 4 5 10 7 8 9 14 11 12 13 17 18 16 15 19
2 0 1 4 3 6 7 5 9 10 8 11 13 14 12 15 17 18 16 19
2 3 1 0 5 4 7 6 10 8 9 14 13 11 12 16 15 18 19 17
1 0 4 2 3 8 7 5 6 9 12 10 11 15 13 14 17 18 16 19
1 0 4 2 3 5 7 6 9 10 8 12 11 15 13 14 16 19 17 18
0 2 3 1 5 4 7 6 11 8 9 10 12 13 14 15 17 16 18 19
1 0 5 4 2 3 8 6 7 10 9 11 13 14 12 17 15 16 18 19
2 0 1 5 3 4 7 6 9 8 13 10 11 12 14 18 17 15 16 19
0 4 1 2 3 5 6 9 7 8 10 12 14 11 13 16 15 18 17 19
1 2 3 0 5 4 7 8 6 12 9 10 11 14 13 15 17 16 18 19
0 3 4 2 1 6 5 8 7 10 9 13 11 12 15 16 17 14 18 19
1 2 0 3 4 5 8 6 9 7 11 10 12 14 13 16 17 18 15 19
2 0 1 4 5 3 8 6 7 10 9 11 15 14 12 13 17 18 16 19
3 0 1 2 4 6 7 5 8 10 9 11 12 16 15 13 14 17 18 19
1 2 0 4 5 3 7 8 6 10 11 9 13 14 12 15 19 16 17 18
2 0 3 1 5 6 7 4 8 10 12 9 11 16 13 14 15 18 17 19
2 0 1 4 3 6 7 5 9 10 11 8 13 15 12 14 17 16 18 19
2 0 1 4 3 6 8 5 7 11 9 10 13 14 12 16 17 15 18 19
1 2 0 4 3 6 5 10 7 8 9 13 11 12 16 14 15 18 19 17
3 2 0 1 4 6 5 7 8 11 12 10 9 14 15 13 17 16 19 18
1 0 2 4 3 7 8 6 5 10 9 14 13 11 12 15 17 16 19 18
1 2 0 4 3 7 5 8 6 12 11 9 10 13 15 14 17 18 16 19
0 3 1 2 7 6 4 5 9 8 10 12 11 14 16 13 15 17 18 19
2 0 1 3 5 6 4 9 7 8 10 13 11 12 15 14 18 16 17 19
3 0 1 2 4 7 8 6 5 11 9 10 12 14 13 16 15 17 18 19
0 2 3 1 6 4 5 7 10 11 9 8 12 14 13 17 15 16 19 18
2 0 1 3 5 4 7 6 8 10 11 9 13 12 16 14 17 15 19 18
1 0 3 4 2 6 7 5 11 10 8 9 12 13 14 15 18 16 17 19
1 2 3 0 5 4 7 6 8 10 9 13 11 12 17 14 15 16 18 19
1 2 0 4 3 5 6 9 7 8 12 10 13 11 15 14 18 16 19 17
1 0 3 4 2 6 7 5 9 10 8 11 13 12 15 16 17 14 19 18
1 2 0 4 5 3 7 6 9 8 11 10 15 14 12 13 17 16 18 19
1 2 0 4 5 3 8 6 7 10 11 9 15 12 13 14 16 17 18 19
1 2 0 4 3 6 5 8 10 7 9 12 11 14 15 13 17 16 19 18
2 0 1 6 5 3 4 9 7 8 12 10 13 11 15 16 17 14 18 19
2 0 1 4 3 6 5 7 9 8 10 12 11 14 13 15 17 16 19 18
0 2 4 1 3 6 7 5 10 8 11 9 14 12 15 13 17 16 18 19
0 3 4 2 1 7 5 6 9 10 11 8 12 13 15 14 19 16 17 18
3 2 0 1 4 6 5 7 8 12 9 10 11 14 13 16 15 19 17 18
1 0 4 2 3 5 6 8 9 10 7 11 12 15 13 16 14 18 19 17
2 0 3 1 6 4 5 10 7 8 9 11 13 12 14 17 15 16 19 18
1 2 3 0 6 4 5 8 7 12 11 9 10 15 16 14 13 17 18 19
1 2 0 3 6 4 5 9 7 10 8 11 13 14 12 15 16 17 19 18
1 2 0 5 3 6 4 7 9 11 8 10 15 14 12 13 17 18 16 19
1 3 0 2 5 4 7 8 6 10 11 9 13 14 12 15 17 19 16 18
0 2 1 5 3 4 6 9 7 10 8 14 11 12 13 15 16 19 17 18
0 1 2 5 6 4 3 9 7 8 13 12 10 11 15 16 14 17 19 18
0 1 3 4 2 6 8 5 7 11 9 10 12 14 15 13 18 16 17 19
0 1 3 4 2 5 7 9 6 8 11 12 10 14 13 16 15 18 19 17
0 3 4 2 1 6 5 10 7 8 9 13 11 12 14 15 19 18 16 17
1 0 2 4 6 3 5 7 9 8 11 10 13 12 16 17 15 14 19 18
2 3 1 0 5 4 6 7 10 8 9 12 13 11 14 16 17 18 15 19
0 4 1 2 3 6 5 7 9 10 8 14 11 12 13 16 17 15 19 18
2 0 1 4 3 6 7 8 5 10 9 11 12 14 13 17 15 16 18 19
2 3 1 0 5 4 7 6 9 8 11 12 10 13 14 15 17 18 16 19
0 3 4 2 1 5 7 6 9 10 8 11 12 16 13 14 15 18 17 19
1 0 3 2 5 4 7 8 9 6 11 10 12 13 14 16 17 18 15 19
1 2 0 4 5 3 8 9 7 6 12 10 11 15 13 16 14 17 18 19
1 0 3 2 7 4 5 6 10 8 9 14 11 12 13 16 15 17 19 18
1 0 3 2 4 7 8 6 5 9 12 10 11 14 15 13 16 18 17 19
2 0 1 5 6 4 3 8 7 10 11 9 14 15 13 12 19 18 16 17
0 3 1 4 2 7 5 8 6 10 9 12 11 14 13 15 18 16 17 19
0 3 1 2 5 4 7 6 8 11 9 10 12 13 17 16 14 15 19 18
1 0 3 4 2 7 5 8 6 11 9 10 14 12 13 17 18 16 15 19
0 2 1 4 3 6 5 9 7 8 10 13 11 14 12 16 15 18 17 19
1 2 3 0 5 6 7 4 8 10 9 13 11 12 16 14 17 15 19 18
1 3 0 2 5 6 4 9 7 8 11 12 10 14 15 16 13 19 17 18
1 0 3 2 5 7 4 6 10 8 11 9 12 14 15 16 13 18 17 19
1 0 3 4 2 6 5 7 9 8 11 12 13 10 14 16 18 15 17 19
0 2 1 4 5 3 9 8 6 7 10 13 11 12 14 16 17 15 19 18
1 0 5 2 3 4 9 6 7 8 11 12 10 13 14 15 18 16 17 19
3 0 1 2 5 4 6 8 7 10 11 9 12 14 13 17 18 16 15 19
1 3 0 2 4 6 5 7 9 8 11 10 13 12 17 16 14 15 18 19
3 0 1 2 5 4 7 6 8 10 9 14 13 11 12 16 17 15 18 19
3 2 0 1 4 6 5 8 9 7 11 10 12 14 13 16 17 18 15 19
2 0 3 1 5 6 4 8 7 9 12 13 11 10 14 15 17 16 19 18
1 2 0 5 3 4 7 8 6 10 11 9 12 15 13 14 17 16 18 19
1 2 3 0 4 7 5 6 10 11 9 8 14 15 13 12 17 18 16 19
1 0 2 4 5 3 6 8 9 7 11 10 12 14 15 13 16 18 17 19
3 0 1 2 5 6 7 4 8 9 12 10 11 14 15 13 16 18 19 17
1 3 0 2 5 4 6 9 7 10 8 13 11 12 16 14 15 19 17 18
2 3 1 0 6 4 5 8 7 10 9 11 13 12 15 14 18 16 19 17
1 0 4 5 3 2 8 6 7 10 9 13 11 12 15 16 14 18 17 19
0 1 2 5 3 4 6 7 9 8 11 12 10 14 13 17 15 16 18 19
1 0 3 2 4 7 5 6 9 10 11 8 12 14 13 17 15 18 16 19
1 2 0 3 5 4 9 8 6 7 11 12 10 15 13 16 14 18 19 17
2 0 1 5 3 6 4 9 7 10 8 11 12 15 13 14 18 19 17 16
3 2 0 1 5 6 7 4 8 11 9 12 10 13 14 15 19 16 17 18
3 2 0 1 6 4 5 9 7 10 8 12 13 11 14 16 15 18 17 19
1 0 3 4 2 7 5 6 8 12 9 10 11 15 16 14 13 17 19 18
0 2 1 4 3 7 5 6 10 8 9 13 14 12 11 16 17 18 15 19
2 0 1 4 3 6 5 8 9 7 11 12 10 15 13 16 14 17 19 18