0 1 4 2 3 6 5 9 7 10 8 13 11 12 15 17 14 16 19 18 21 22 20 24 26 23 25 27
0 1 3 2 7 4 5 6 9 8 11 12 13 10 17 16 14 15 19 18 20 23 21 22 27 24 25 26
2 0 1 4 3 5 8 6 9 7 10 12 13 14 11 18 15 16 17 19 21 22 23 20 24 27 25 26
0 4 1 2 3 8 7 5 6 9 11 10 14 12 15 13 19 18 16 17 22 20 21 23 25 24 26 27
1 0 2 4 3 5 8 9 7 6 11 12 10 14 13 16 15 17 21 20 18 19 23 24 22 25 27 26
1 2 0 6 3 4 5 8 9 7 11 10 14 12 15 13 16 18 19 17 21 23 20 22 25 26 27 24
1 2 0 3 4 6 7 5 8 10 12 9 11 14 15 16 13 18 17 19 23 20 21 22 24 25 26 27
1 2 0 3 6 4 5 9 10 8 7 11 13 12 14 16 17 15 21 18 19 20 24 22 23 26 27 25
1 0 2 4 5 3 6 8 9 7 13 12 10 11 17 16 14 15 20 18 21 19 23 22 25 26 24 27
1 0 3 4 2 7 5 6 9 10 8 14 11 12 13 16 15 17 19 18 20 21 24 22 23 26 27 25
2 0 3 1 4 7 5 6 8 9 11 12 13 10 14 16 17 15 20 21 19 18 23 25 22 24 27 26
2 3 1 0 6 4 5 8 9 10 7 13 11 12 15 16 14 18 17 20 21 19 23 22 25 26 24 27
1 3 0 2 4 7 5 6 8 10 11 9 13 14 15 12 17 18 16 19 21 22 20 23 25 26 24 27
1 0 5 4 2 3 7 8 9 6 11 10 13 15 12 14 17 16 19 18 20 22 21 23 25 26 24 27
0 2 1 4 5 3 7 8 6 10 11 9 13 14 12 17 15 16 19 18 21 22 20 25 26 24 23 27
1 0 3 4 2 6 8 5 7 9 11 10 12 15 13 16 14 18 17 20 19 22 23 24 21 26 25 27
2 0 1 4 5 6 3 8 9 10 7 11 12 15 13 14 19 16 17 18 21 22 20 25 23 24 26 27
1 0 2 3 5 6 4 8 9 10 7 12 11 14 13 16 15 18 19 20 17 23 24 22 21 27 25 26
3 2 0 1 6 7 5 4 9 11 8 10 14 12 13 17 15 18 16 20 19 21 23 22 27 24 25 26
2 0 1 5 3 4 6 7 10 8 9 12 11 13 15 16 14 18 20 17 19 24 23 21 22 25 27 26
1 0 4 2 5 3 7 9 6 8 11 12 10 13 16 14 15 20 19 17 18 21 23 24 22 26 25 27
1 2 3 0 6 4 5 8 7 9 11 13 10 12 14 16 15 18 17 19 21 23 20 22 25 26 24 27
2 0 3 1 4 7 5 6 9 8 12 10 11 13 14 16 15 18 19 17 21 20 23 22 25 26 27 24
2 0 3 1 4 5 7 8 6 10 12 9 11 14 13 16 17 15 18 20 19 23 21 22 27 26 24 25
2 0 1 3 6 4 7 5 9 8 11 13 10 12 16 14 15 18 17 20 22 19 21 25 26 24 23 27
1 2 0 5 6 4 3 8 7 9 11 13 10 12 14 15 17 19 16 18 20 22 21 23 24 25 27 26
1 0 2 5 3 4 7 8 6 10 11 12 9 14 13 15 16 19 17 18 21 22 20 24 25 23 27 26
0 2 1 5 3 4 7 8 6 10 9 12 11 14 16 13 15 18 17 20 22 19 21 23 24 26 27 25
1 3 0 2 5 6 7 4 9 11 8 10 14 12 13 17 15 16 18 20 21 22 19 26 25 23 24 27
1 0 4 2 3 7 5 8 6 9 11 12 10 14 13 15 16 17 19 20 18 24 21 22 23 25 27 26
1 3 0 2 4 6 8 5 7 11 9 10 15 12 13 14 17 16 19 21 18 20 23 24 22 25 27 26
3 2 0 1 5 6 4 7 9 10 11 8 13 12 15 14 18 16 17 20 19 22 21 25 23 24 27 26
3 0 1 2 4 6 8 5 7 9 12 10 13 11 15 14 17 18 16 20 21 22 19 23 24 25 27 26
2 0 1 3 6 4 7 5 9 8 11 12 10 15 16 14 13 18 17 20 21 19 23 25 22 24 27 26
2 0 3 1 7 4 5 6 10 8 9 14 13 11 12 16 15 19 17 18 20 21 25 24 22 23 26 27
0 3 1 4 2 6 5 7 9 11 8 10 12 14 15 13 16 19 17 20 18 22 21 24 23 27 25 26
1 0 2 3 5 4 7 8 6 9 10 14 13 11 12 16 15 20 19 17 18 22 21 24 25 23 27 26
1 3 0 2 4 5 7 6 9 11 8 10 13 12 15 16 14 18 17 19 22 20 23 21 27 26 24 25
3 2 0 1 4 5 6 9 7 8 11 12 10 13 14 16 15 18 19 20 17 24 23 21 22 26 25 27
0 2 4 1 3 5 9 6 7 8 10 12 13 11 16 14 15 18 17 20 19 24 21 22 23 27 25 26
0 2 3 4 1 7 5 8 6 11 9 10 14 12 13 16 17 15 19 18 22 23 21 20 25 24 27 26
2 0 3 1 5 6 4 7 8 9 11 12 13 10 14 18 15 16 17 19 20 21 23 22 25 26 24 27
1 0 4 5 3 2 7 8 9 6 10 12 14 11 13 17 15 16 20 18 19 24 21 22 23 26 25 27
2 0 1 5 3 4 7 8 9 6 11 12 10 14 13 16 17 15 20 18 19 21 22 24 23 26 25 27
2 0 1 4 3 6 7 5 8 9 12 10 11 14 13 15 18 16 19 17 20 22 21 23 26 24 25 27
0 1 2 5 3 4 6 8 9 7 11 12 13 10 14 15 16 18 17 21 19 22 20 24 26 23 25 27
0 4 1 2 3 5 7 9 6 8 12 10 13 11 15 16 17 14 19 20 18 22 23 21 24 26 25 27
2 0 1 4 5 3 7 6 10 8 11 9 13 12 15 16 14 17 19 18 21 22 20 25 26 24 23 27
1 3 0 2 7 6 4 5 8 10 11 12 9 14 13 18 17 15 16 20 19 23 24 22 21 26 25 27
0 2 4 1 3 7 5 6 8 10 9 13 11 12 15 14 17 18 16 20 19 22 23 21 24 26 27 25
1 0 3 4 2 5 7 6 9 10 8 12 13 14 11 15 16 18 17 19 23 22 20 21 26 24 27 25
0 3 1 2 5 6 4 10 7 8 9 13 11 12 15 16 14 17 19 18 22 20 21 23 24 26 27 25
2 0 1 4 5 3 7 6 10 8 9 11 14 15 13 12 16 17 20 18 19 22 23 21 25 26 27 24
2 0 1 4 3 5 8 6 7 10 9 13 11 14 12 15 17 16 18 19 20 22 21 24 23 26 25 27
1 2 0 4 3 6 8 5 7 9 13 10 11 12 15 14 17 16 19 20 21 18 22 23 26 24 25 27
2 0 1 6 3 4 5 7 11 10 8 9 13 14 12 16 15 18 17 19 20 21 22 23 25 24 27 26
1 0 2 4 3 6 7 5 10 11 9 8 14 12 13 15 18 16 17 20 19 22 21 23 26 24 25 27
1 0 4 2 5 3 6 8 9 7 11 10 13 14 15 12 17 19 16 18 22 20 23 21 25 24 26 27
2 0 1 5 3 6 4 8 7 10 11 9 15 12 13 14 16 19 17 18 21 22 23 20 25 24 27 26
2 0 1 3 7 6 4 5 9 10 8 12 11 15 13 14 17 16 19 20 21 18 23 22 26 27 25 24
3 0 1 2 5 6 4 7 11 8 9 10 13 12 17 16 14 15 19 21 18 20 23 22 26 24 25 27
1 0 2 4 5 3 7 6 9 10 11 8 13 15 12 14 17 16 19 18 21 23 20 22 24 26 25 27
2 0 3 1 4 6 8 5 7 10 9 14 13 11 12 15 18 16 17 22 21 19 20 24 23 26 25 27
1 0 2 3 5 4 7 6 9 10 8 13 11 12 14 15 17 18 16 20 19 21 23 22 24 25 27 26
0 1 4 2 3 5 6 10 7 8 9 13 14 12 11 17 15 18 16 19 23 22 20 21 25 24 26 27
1 0 3 2 4 7 5 6 8 9 12 10 13 11 14 16 17 18 15 20 19 21 24 22 23 27 25 26
0 2 3 1 4 6 7 8 5 12 9 10 11 14 13 16 15 19 20 18 17 21 23 24 25 22 26 27
0 2 1 4 3 6 7 5 9 10 8 13 11 12 15 14 16 18 17 19 21 22 23 20 25 24 26 27
2 3 1 0 5 6 4 7 8 10 9 11 13 12 14 16 18 15 17 20 21 19 23 24 22 26 25 27
1 0 3 4 2 5 7 6 9 10 8 12 14 11 13 17 18 16 15 21 19 20 23 24 22 26 25 27
1 3 0 2 5 6 4 7 9 11 8 10 14 12 13 17 18 16 15 19 20 21 22 25 23 24 26 27
0 2 1 4 5 6 3 8 7 10 9 12 11 14 16 13 15 18 19 20 17 22 21 24 23 26 27 25
2 3 1 0 7 4 5 6 9 10 11 8 13 12 15 16 14 18 17 19 22 23 21 20 25 24 27 26
1 0 4 2 3 6 5 8 10 7 9 12 11 15 13 14 18 16 17 21 19 22 20 24 23 26 27 25
1 0 5 4 2 3 8 6 7 10 11 9 12 15 13 14 18 16 19 17 22 20 21 23 26 24 25 27
1 2 0 4 3 6 5 7 9 8 11 10 13 14 15 12 18 16 17 20 22 19 21 23 25 27 24 26
0 1 2 3 4 7 5 8 6 10 9 12 13 11 15 17 14 16 19 18 22 20 21 24 25 26 23 27
1 0 3 2 5 6 7 4 8 9 11 10 13 14 12 16 15 17 20 18 19 23 21 24 22 25 26 27
1 0 4 2 3 6 7 5 8 9 10 12 11 14 15 13 16 17 19 18 20 22 21 24 23 25 26 27
0 2 1 5 3 6 4 10 9 7 8 13 14 12 11 16 15 18 17 20 21 19 23 22 25 26 24 27
0 1 2 4 3 6 5 7 10 8 9 12 14 11 13 16 17 18 15 21 22 20 19 23 25 26 24 27
2 3 1 0 6 4 7 5 10 8 9 12 11 14 15 13 17 16 19 21 18 20 23 22 26 24 25 27
1 3 0 2 6 4 5 7 11 10 8 9 13 12 15 14 18 16 17 20 19 24 21 22 23 27 25 26
2 3 1 0 5 4 7 6 9 8 11 10 12 15 13 14 16 19 17 18 21 22 23 20 25 24 27 26
0 2 1 3 5 4 6 8 7 9 11 12 13 10 14 17 15 18 16 21 19 20 23 22 27 24 25 26
0 3 4 2 1 5 6 8 7 9 11 12 10 16 13 14 15 19 17 18 22 20 23 21 25 24 27 26
1 2 0 4 6 3 5 7 9 10 8 11 12 14 16 13 15 18 17 20 19 22 21 24 23 26 25 27
3 0 1 2 5 7 4 6 10 8 9 11 13 15 12 14 17 18 16 21 19 20 22 26 25 23 24 27
2 0 1 4 5 6 3 8 9 7 10 12 11 13 17 14 15 16 21 18 19 20 23 22 24 26 25 27
1 2 0 4 3 6 7 5 9 8 10 14 11 12 13 17 18 16 15 20 19 23 24 22 21 25 26 27
1 2 3 0 5 4 7 8 6 12 11 9 10 14 13 17 15 18 16 21 19 20 22 25 23 24 26 27
0 3 4 2 1 6 8 5 7 10 9 13 11 12 16 14 15 18 17 21 19 22 20 24 23 27 25 26
2 0 1 4 6 3 5 9 7 8 13 12 10 11 16 14 15 20 17 18 19 22 21 26 25 23 24 27
0 2 1 6 5 3 4 7 8 10 9 12 14 11 13 16 17 15 19 18 20 22 23 21 25 26 24 27
0 2 1 4 3 7 8 6 5 10 9 12 13 11 15 14 17 16 21 18 19 20 22 24 23 26 25 27
3 0 1 2 4 5 6 8 7 11 9 10 12 14 15 13 17 18 16 19 22 20 21 24 25 23 26 27
2 0 1 4 5 3 7 6 9 10 8 12 13 14 11 16 17 15 20 18 19 22 23 21 25 24 27 26
1 0 3 2 4 5 6 10 9 7 8 13 11 12 15 17 14 16 19 18 21 20 22 24 23 25 27 26
3 0 1 2 5 4 6 8 9 7 12 10 11 15 13 16 14 17 19 18 21 23 20 22 26 27 25 24
0 1 4 2 3 7 8 6 5 10 9 12 11 13 16 14 15 18 19 17 22 20 21 24 25 23 27 26
1 2 0 4 5 3 7 8 6 9 10 14 11 12 13 15 17 16 21 20 18 19 25 24 22 23 26 27
2 0 1 5 3 6 4 7 10 11 9 8 14 12 15 13 17 18 16 20 21 19 23 22 24 26 25 27
1 0 3 2 5 7 4 6 9 8 11 10 13 12 15 14 17 16 21 20 18 19 23 22 25 24 26 27
3 0 1 2 6 4 5 7 10 11 9 8 12 15 13 14 16 19 17 18 21 22 20 23 25 26 24 27
2 3 1 0 6 4 5 10 7 8 9 11 13 14 12 16 15 18 17 22 19 20 21 26 25 23 24 27
3 2 0 1 5 6 4 9 7 8 11 12 10 14 13 17 15 18 16 19 21 22 20 25 26 24 23 27
2 0 3 1 7 6 4 5 9 10 8 12 13 14 11 16 17 15 18 19 23 22 20 21 25 26 24 27
1 3 0 2 7 6 4 5 11 10 8 9 13 12 15 16 14 18 19 20 17 22 21 25 23 24 26 27
1 2 0 5 3 4 9 8 6 7 10 12 11 14 13 17 15 16 18 20 21 19 22 24 25 23 26 27
0 2 1 4 3 5 7 6 8 9 11 12 10 13 14 15 17 16 21 18 19 20 23 24 25 22 26 27
0 1 3 2 4 5 6 8 7 9 11 12 10 14 13 16 15 18 19 17 22 20 21 23 24 25 26 27
1 0 3 2 5 6 7 4 9 10 8 14 11 12 13 15 16 18 17 20 22 19 21 24 25 23 26 27
2 0 1 4 5 6 3 7 8 10 12 9 11 14 13 16 15 18 19 17 21 22 20 25 23 24 26 27
0 2 1 5 3 6 4 7 9 8 10 12 13 11 15 16 17 14 18 20 19 24 21 22 23 27 25 26
1 0 2 4 6 3 5 8 7 11 9 10 14 15 13 12 16 18 17 19 21 20 22 23 25 27 24 26
1 0 2 6 5 3 4 9 7 8 11 12 10 14 15 13 16 20 19 17 18 22 21 26 23 24 25 27
2 0 1 6 5 3 4 9 7 10 8 13 11 14 12 16 15 18 19 17 21 20 24 22 25 23 27 26
1 0 3 4 2 5 6 8 7 10 11 9 14 12 13 17 15 16 19 18 21 22 20 24 23 25 26 27
2 0 1 6 5 3 4 8 10 7 9 12 11 13 14 18 17 15 16 22 19 20 21 25 23 24 26 27
0 3 1 4 2 7 5 8 6 10 9 12 11 13 16 17 15 14 19 18 21 20 22 25 26 24 23 27
0 1 2 3 6 7 5 4 11 10 8 9 13 12 15 14 17 18 16 20 19 23 21 24 22 27 25 26
0 3 1 4 2 7 5 8 6 10 9 12 13 14 11 17 18 16 15 21 22 20 19 23 25 24 27 26
1 2 0 6 3 4 5 8 7 12 9 10 11 13 17 14 15 16 19 18 21 22 20 24 26 23 25 27
1 2 0 5 3 4 7 6 11 10 8 9 13 12 14 15 16 19 17 18 21 20 23 24 22 26 27 25
2 3 1 0 7 4 5 6 8 9 11 12 10 15 13 14 16 18 17 19 21 22 20 23 25 26 24 27
0 2 1 5 3 4 6 9 7 10 8 11 13 12 15 16 14 19 17 20 18 23 21 22 24 26 25 27
2 0 3 1 6 4 5 8 7 10 12 9 11 13 15 16 14 17 19 20 18 21 22 24 25 23 27 26
1 3 0 2 5 6 7 4 8 9 11 13 10 12 15 14 17 16 19 18 21 20 22 24 25 23 27 26
1 0 3 2 6 4 7 5 9 10 11 8 13 14 12 15 17 18 16 21 19 22 20 25 23 24 27 26
2 0 1 4 3 5 6 8 7 9 12 10 11 14 16 13 15 17 18 19 21 22 20 24 23 27 25 26
1 0 3 5 2 4 7 6 8 10 9 12 13 14 11 15 17 16 21 18 19 20 24 22 23 25 26 27
1 3 0 2 6 4 5 8 10 7 9 12 13 14 11 16 18 15 17 19 21 20 23 24 22 26 25 27
2 0 3 1 4 6 5 8 9 7 12 10 11 14 15 13 17 19 16 18 21 22 20 24 23 25 27 26
1 0 3 4 5 2 7 6 9 8 10 13 11 12 16 14 15 17 19 18 21 20 24 22 25 23 27 26
1 0 4 2 3 7 5 6 8 12 9 10 11 14 13 16 18 15 17 19 21 22 20 25 23 26 24 27
1 0 4 2 3 5 8 6 7 10 9 11 15 12 13 14 18 16 19 17 22 20 21 24 23 25 26 27
1 2 3 0 5 4 7 8 6 9 11 12 10 14 15 13 16 18 17 19 21 20 24 22 23 27 25 26
3 0 1 2 4 6 5 8 9 10 7 12 13 11 17 16 14 15 20 18 19 22 21 24 23 27 25 26
0 1 3 5 2 4 7 6 9 8 11 12 10 13 15 14 17 19 16 18 21 20 22 26 23 24 25 27
1 0 2 5 3 4 8 6 9 7 12 10 11 14 16 13 15 18 17 19 20 21 22 24 23 26 27 25
0 1 4 2 3 6 5 10 7 8 9 13 14 12 11 16 17 18 15 19 21 20 24 22 23 25 26 27
3 0 1 2 4 7 8 6 5 10 9 11 13 12 14 17 15 16 20 18 19 21 22 24 23 25 27 26
1 3 0 2 6 4 5 7 9 8 12 10 11 13 15 14 19 16 17 18 22 23 21 20 25 24 27 26
3 2 0 1 5 4 9 6 7 8 11 10 13 14 12 16 18 15 17 20 21 19 22 23 25 26 24 27
0 2 1 3 5 4 7 8 6 9 12 10 11 14 15 16 13 18 17 19 21 20 23 22 24 25 27 26
1 0 2 4 5 6 3 8 10 7 9 12 13 11 15 14 17 16 19 18 22 20 23 21 27 26 24 25
1 0 2 5 3 6 4 8 9 7 10 11 12 13 15 16 14 18 19 17 23 20 21 22 26 24 27 25
0 2 3 1 4 6 7 5 9 8 10 11 12 15 16 14 13 18 17 19 22 20 21 24 23 26 25 27
1 2 0 4 3 5 6 9 7 8 12 13 11 10 16 14 15 17 19 20 21 18 23 22 25 24 27 26
1 0 3 2 6 4 5 9 7 10 8 14 13 11 12 16 18 15 17 20 19 22 23 21 26 24 27 25
2 3 1 0 5 7 4 6 9 8 11 12 13 10 15 16 17 14 20 18 19 22 23 21 25 24 26 27
1 0 2 4 3 6 5 8 7 10 11 9 14 15 13 12 16 19 17 18 21 20 23 22 25 26 24 27
1 0 3 4 2 6 5 8 7 10 11 9 13 14 12 16 17 15 20 18 21 19 23 22 25 26 24 27
0 2 3 1 5 4 8 6 7 10 9 11 13 14 12 16 15 19 17 18 22 20 21 26 23 24 25 27
3 0 1 2 5 6 7 4 9 11 8 10 12 14 13 17 15 16 19 18 21 23 20 22 25 24 26 27
1 0 4 5 3 2 6 8 9 10 7 12 13 14 11 16 18 15 17 21 19 20 23 22 24 26 27 25
1 0 2 4 5 3 7 8 6 10 9 13 11 12 15 16 14 19 17 18 22 20 23 21 26 27 25 24
0 1 2 4 3 7 8 6 5 10 11 9 15 12 13 14 17 16 18 20 19 23 21 22 25 26 24 27
0 2 1 4 3 6 5 8 7 11 9 12 10 15 13 14 16 19 20 18 17 21 22 23 26 24 25 27
1 0 2 4 3 6 7 5 9 10 8 13 14 12 11 16 15 18 19 17 20 21 24 22 23 26 27 25
0 2 3 1 5 6 4 8 10 7 9 11 13 12 15 14 18 16 17 19 20 22 23 21 25 24 26 27
1 2 0 4 5 3 7 6 9 10 8 12 11 13 14 17 15 16 20 18 19 24 23 21 22 25 26 27
1 0 4 2 3 5 6 8 9 10 7 13 11 12 17 14 15 16 18 19 22 20 23 21 26 24 25 27
2 0 3 1 5 4 8 6 9 7 11 10 13 12 15 14 17 16 19 18 23 22 20 21 26 24 25 27
1 0 3 2 6 4 5 8 7 11 9 10 13 12 14 15 17 16 19 18 21 22 23 20 25 24 27 26
1 3 0 2 4 5 8 6 9 7 11 10 13 12 15 14 16 20 17 18 19 22 21 24 23 26 25 27
0 3 1 2 5 6 4 7 11 10 8 9 12 13 17 16 14 15 19 18 21 23 20 22 24 26 25 27
3 2 0 1 4 5 7 6 9 8 11 12 10 14 13 17 15 16 18 20 21 22 19 26 25 23 24 27
0 3 1 2 6 4 5 8 7 11 9 10 13 12 15 14 19 16 17 18 21 22 20 25 23 24 26 27
2 0 1 3 5 6 4 8 7 10 9 12 11 13 16 14 15 18 19 17 20 23 24 22 21 26 25 27
1 0 3 2 4 7 5 6 10 8 11 9 15 12 13 14 17 18 19 16 22 20 21 24 23 25 26 27
0 2 1 4 5 3 9 6 7 8 10 13 14 12 11 16 15 17 19 18 21 20 25 24 22 23 27 26
1 0 4 2 5 3 7 6 11 8 9 10 14 15 13 12 19 16 17 18 21 20 22 24 23 26 27 25
1 2 0 6 3 4 5 8 9 7 12 10 11 13 15 16 17 14 20 18 19 22 21 23 24 27 25 26
1 2 3 0 5 4 6 8 7 10 11 9 14 12 15 13 18 19 17 16 20 22 21 25 23 26 24 27
0 2 3 1 5 6 4 8 7 10 9 13 11 12 15 14 18 19 17 16 21 20 23 24 22 26 27 25
1 0 3 5 2 4 8 9 7 6 13 12 10 11 14 17 18 16 15 20 21 19 23 22 25 26 24 27
1 0 3 4 2 5 8 6 9 7 12 10 11 13 16 14 15 18 19 20 17 22 21 25 26 24 23 27
1 2 3 0 6 4 5 8 9 10 7 11 12 13 16 17 15 14 19 20 18 22 21 23 26 24 25 27
2 0 1 4 5 3 7 8 9 6 11 12 10 14 15 16 13 17 19 18 21 20 22 24 23 26 25 27
1 0 4 2 5 3 7 8 6 10 9 11 13 12 16 14 15 18 19 17 21 22 20 25 26 24 23 27
1 2 0 3 5 6 7 4 9 10 8 11 12 13 15 16 14 17 21 18 19 20 23 22 25 24 27 26
0 2 1 4 5 3 6 7 9 11 8 10 12 13 15 17 14 16 18 20 22 19 21 24 23 27 25 26
1 0 4 2 3 7 5 6 8 11 12 10 9 15 16 14 13 17 20 18 21 19 23 22 24 26 25 27
1 0 3 4 5 2 8 6 7 10 12 9 11 15 13 16 14 17 18 20 22 19 21 25 23 24 27 26
3 0 1 2 4 8 5 6 7 10 11 9 14 12 13 18 15 16 17 21 19 20 24 22 23 26 25 27
0 3 1 2 5 6 4 8 7 12 11 9 10 15 13 14 16 17 18 21 22 20 19 23 24 26 27 25
1 3 0 2 6 7 5 4 9 8 10 13 11 12 15 14 17 16 20 21 19 18 23 22 25 24 26 27
0 1 3 4 2 5 6 10 9 7 8 12 13 14 11 17 18 16 15 20 19 22 23 21 25 24 26 27
2 0 1 4 5 3 6 9 10 8 7 13 11 12 15 16 17 14 19 18 21 20 24 22 23 26 27 25
1 0 2 5 6 4 3 9 7 8 12 13 11 10 15 14 17 18 16 19 20 23 24 22 21 26 25 27
2 0 1 5 3 4 6 7 8 10 11 9 14 12 13 16 17 15 18 20 19 22 24 21 23 25 26 27
2 0 1 6 5 3 4 9 7 8 10 12 11 15 13 14 18 16 17 20 19 23 21 22 27 24 25 26
0 2 1 5 6 4 3 9 7 8 11 12 13 10 15 14 18 16 17 20 19 22 21 23 24 25 26 27
0 3 4 2 1 5 6 8 7 10 9 11 13 15 12 14 18 16 17 22 19 20 21 25 23 24 26 27
1 0 3 2 4 6 7 5 9 10 8 11 13 14 12 17 15 16 20 18 21 19 24 22 23 26 25 27
2 3 1 0 4 5 6 8 9 7 13 12 10 11 14 17 18 16 15 20 19 21 23 24 22 25 26 27
1 0 4 2 3 5 8 6 7 9 11 10 13 14 12 17 15 16 21 20 18 19 23 24 25 22 26 27
2 0 1 5 3 6 4 8 9 10 7 12 13 11 15 14 16 19 17 18 20 21 22 24 23 27 25 26
1 0 2 3 6 7 5 4 9 8 10 13 11 12 16 14 15 18 19 17 23 20 21 22 24 25 27 26
3 0 1 2 5 6 7 4 8 9 11 13 10 12 15 16 17 14 19 20 18 22 23 21 24 26 27 25
1 2 0 3 6 4 5 7 8 10 9 11 14 12 13 15 17 18 16 19 21 22 20 24 23 25 27 26
3 2 0 1 5 4 7 6 9 10 8 11 14 12 13 15 17 16 19 20 18 24 23 21 22 25 26 27
2 0 1 4 3 6 5 9 7 8 13 10 11 12 15 17 14 16 20 18 19 21 23 24 22 26 27 25
2 0 1 4 6 3 5 7 8 10 11 9 13 12 16 14 15 19 17 18 20 22 23 21 24 27 25 26
2 0 1 4 3 8 5 6 7 10 11 9 15 12 13 14 19 16 17 18 22 23 21 20 24 26 27 25
0 1 3 4 2 6 5 7 9 8 10 11 12 14 13 15 16 20 17 18 19 22 21 23 24 25 27 26
3 0 1 2 5 4 8 6 7 10 9 11 13 12 14 17 15 16 19 21 18 20 24 22 23 26 25 27
3 0 1 2 5 7 4 6 8 9 10 13 14 12 11 16 18 15 17 19 20 21 23 22 25 26 24 27
0 2 1 3 5 4 6 8 7 9 11 10 14 12 13 15 16 18 17 19 21 20 24 25 23 22 27 26
1 0 3 2 5 6 4 7 9 10 8 14 13 11 12 15 18 16 17 21 19 20 24 22 23 25 27 26
2 3 1 0 6 4 7 5 11 8 9 10 12 14 13 17 15 16 18 20 21 22 19 24 23 25 27 26
1 0 2 4 5 3 7 8 6 9 12 10 11 14 13 16 15 19 17 20 18 23 21 22 25 24 26 27
1 3 0 2 6 4 5 8 9 7 13 12 10 11 15 16 14 18 17 19 21 22 20 24 26 23 25 27
1 0 2 4 5 3 7 8 6 10 9 12 13 11 15 16 17 14 18 20 21 19 22 24 23 27 25 26
1 0 2 4 5 3 6 8 7 11 9 12 10 14 13 16 15 17 19 20 18 22 23 21 25 26 24 27
3 2 0 1 5 4 7 6 8 9 11 13 10 12 14 15 16 19 17 18 21 22 20 25 23 24 26 27
0 1 2 6 5 3 4 8 7 9 12 10 11 13 15 16 14 20 17 18 19 22 23 24 21 27 25 26
2 0 1 4 3 6 5 10 9 7 8 11 12 13 15 16 14 19 17 18 21 23 20 22 26 24 27 25
1 0 2 4 3 6 5 8 7 10 9 13 11 12 15 14 17 19 16 18 21 20 22 24 23 25 26 27
2 0 3 1 5 4 6 9 10 8 7 13 11 12 15 14 19 18 16 17 21 20 22 23 24 25 27 26
0 1 4 2 3 6 5 9 7 10 8 14 11 12 13 16 15 20 19 17 18 21 24 22 23 27 25 26
2 0 3 1 6 7 5 4 9 8 12 10 11 13 16 17 15 14 21 18 19 20 23 24 22 25 26 27
0 3 1 4 2 6 7 5 8 10 11 12 9 13 14 15 17 16 20 21 19 18 23 22 25 24 26 27
2 3 1 0 7 4 5 6 9 8 13 12 10 11 16 14 15 18 17 20 22 19 21 23 25 24 27 26
1 3 0 2 5 7 4 6 11 10 8 9 14 12 13 15 16 17 20 18 19 23 24 22 21 26 25 27
1 0 3 2 6 4 7 5 8 9 12 10 11 14 13 15 17 18 16 20 19 23 24 22 21 26 25 27
0 2 1 5 3 4 7 8 9 6 12 10 11 16 15 13 14 17 19 20 18 22 24 21 23 25 27 26
1 2 0 4 3 6 5 8 7 10 9 13 11 12 15 16 14 17 21 18 19 20 23 25 22 24 26 27
2 0 3 1 5 4 6 8 7 10 12 9 11 13 14 16 15 18 19 20 17 21 23 24 22 26 25 27
1 2 0 3 5 6 4 9 10 8 7 13 11 12 15 14 17 18 16 20 19 22 23 24 21 27 25 26
1 0 5 2 3 4 6 7 9 11 8 10 13 14 15 12 16 18 19 17 21 20 23 24 22 26 25 27
2 3 1 0 7 4 5 6 10 8 9 12 13 11 15 16 14 20 19 17 18 22 21 23 25 26 24 27
1 0 2 4 5 3 6 8 9 7 11 10 13 15 12 14 18 16 17 20 19 23 21 22 24 25 26 27
2 0 3 1 5 6 7 4 10 8 9 12 13 11 14 16 18 15 17 19 20 23 21 22 25 26 24 27
1 0 2 3 6 7 5 4 10 8 9 11 13 12 15 14 17 16 19 18 20 23 21 22 26 24 25 27
1 2 0 5 3 4 8 6 7 11 9 10 13 12 15 14 17 18 16 20 21 22 19 23 25 26 24 27
0 2 1 4 5 6 3 7 9 8 11 13 10 12 15 16 17 14 18 22 21 19 20 26 25 23 24 27
3 0 1 2 4 6 5 7 10 8 9 13 11 12 16 14 15 19 17 18 23 20 21 22 24 25 26 27
1 2 0 4 3 5 6 8 9 7 10 13 11 12 15 14 19 18 16 17 21 20 23 22 26 24 25 27
1 0 3 5 2 4 7 8 6 11 9 10 14 12 13 16 15 17 19 20 18 22 21 26 23 24 25 27
1 0 3 4 2 6 8 5 7 10 9 12 11 14 13 16 15 19 20 18 17 22 23 21 25 24 27 26
1 0 2 4 3 5 6 7 9 8 10 12 11 14 13 18 15 16 17 21 19 22 20 23 25 26 24 27
1 0 2 4 3 6 7 5 9 10 8 12 11 16 13 14 15 18 19 17 21 22 23 20 27 26 24 25
1 0 4 2 5 3 7 8 6 10 9 12 11 15 16 14 13 17 19 21 18 20 24 22 23 25 27 26
0 4 3 1 2 6 5 8 9 7 10 11 12 15 13 16 14 18 17 20 22 19 21 24 26 23 25 27
3 0 1 2 4 5 6 9 7 8 11 12 10 13 15 14 19 18 16 17 22 23 21 20 26 24 25 27
1 2 0 4 3 6 7 5 10 8 11 9 13 14 12 18 15 16 17 20 22 19 21 24 25 23 26 27
0 2 1 3 5 4 6 7 9 10 8 12 13 14 11 15 17 19 16 18 21 22 20 24 23 25 26 27
0 3 1 2 4 6 5 8 7 9 12 10 13 11 15 14 17 18 19 16 20 23 24 22 21 26 27 25
2 0 1 5 6 4 3 9 7 10 8 13 11 14 12 16 15 17 19 18 21 23 20 22 27 26 24 25
1 0 2 4 3 5 6 8 9 7 10 12 11 14 13 17 15 18 16 19 22 20 21 23 25 26 24 27
0 2 1 4 3 6 7 8 5 10 9 12 13 11 15 14 17 16 19 18 23 22 20 21 27 24 25 26
0 2 1 4 3 6 7 5 10 8 11 9 14 12 13 16 17 15 18 20 21 19 23 24 22 26 25 27
1 2 0 5 3 6 4 8 7 11 12 10 9 14 13 18 15 16 17 21 19 20 23 25 22 24 27 26
2 0 1 5 3 4 6 7 8 11 12 10 9 16 15 13 14 17 19 21 18 20 24 22 23 26 25 27
2 0 1 3 7 4 5 6 10 8 9 12 11 13 15 17 14 16 18 21 19 20 24 22 25 23 26 27
1 2 3 0 5 4 7 8 6 9 11 10 13 14 15 12 18 19 17 16 21 20 22 24 26 23 25 27
0 2 1 4 3 7 5 8 6 12 9 10 11 14 16 13 15 18 17 20 19 23 21 24 22 26 25 27
2 0 1 4 6 3 5 8 9 7 12 10 11 15 13 14 18 16 17 19 21 20 25 24 22 23 26 27
2 0 1 4 5 3 8 6 9 7 11 12 10 14 13 18 17 15 16 20 21 19 24 22 23 26 27 25
0 2 3 4 1 6 7 5 8 12 9 10 11 14 13 17 15 16 18 20 21 19 23 22 24 25 27 26
1 0 3 4 5 2 8 9 7 6 11 10 15 14 12 13 18 16 17 19 20 22 21 23 25 26 24 27
1 0 3 2 5 6 4 7 8 10 9 12 13 11 16 17 15 14 19 18 22 20 21 25 23 24 26 27
1 3 0 2 5 4 6 10 9 7 8 13 11 14 12 16 15 19 17 18 22 20 21 25 23 24 27 26
0 2 3 1 6 7 5 4 9 8 10 12 11 14 13 16 17 15 18 21 19 20 24 22 25 23 26 27
1 0 5 2 3 4 7 8 6 10 9 12 13 11 15 14 17 18 16 22 19 20 21 24 23 26 25 27
0 3 4 2 1 8 5 6 7 12 9 10 11 15 13 14 17 16 21 18 19 20 23 22 25 24 27 26
3 2 0 1 5 6 4 8 7 9 11 10 13 12 15 14 17 16 19 18 22 23 21 20 26 27 25 24
1 0 2 6 5 3 4 10 7 8 9 11 14 15 13 12 16 17 19 20 21 18 23 24 22 26 27 25
1 2 3 0 6 4 5 8 9 7 11 10 13 12 15 16 14 19 20 18 17 22 21 24 25 26 23 27
0 2 3 1 5 6 4 8 9 7 12 10 11 14 15 16 13 18 19 17 22 20 23 21 25 24 27 26
3 2 0 1 4 5 6 7 8 9 11 13 10 12 15 16 14 18 17 22 19 20 21 24 23 25 27 26
3 0 1 2 4 8 5 6 7 10 9 13 14 12 11 16 18 15 17 21 19 20 22 24 23 26 27 25
1 2 0 3 5 4 7 8 6 12 9 10 11 15 13 14 16 17 19 18 21 23 20 22 25 24 26 27
2 0 3 1 5 4 6 8 9 7 13 12 10 11 15 16 17 14 20 18 19 22 21 23 24 27 25 26
0 2 1 4 6 3 5 8 7 10 9 12 11 15 13 16 14 17 18 22 21 19 20 26 25 23 24 27
0 2 3 1 5 6 4 9 7 8 11 10 13 14 15 12 17 16 18 20 21 19 23 25 22 24 26 27
3 0 1 2 7 4 5 6 9 8 10 11 12 14 13 18 15 16 17 21 19 20 23 22 26 27 25 24
0 1 3 4 2 6 7 5 11 8 9 10 15 12 13 14 17 19 16 18 21 22 20 24 26 23 25 27
1 0 3 5 2 4 7 6 10 8 9 11 13 14 12 18 17 15 16 20 19 22 23 21 25 24 27 26
2 3 1 0 6 4 7 5 8 10 11 12 9 14 13 16 17 18 15 19 23 22 20 21 25 24 26 27
1 2 0 4 5 3 8 6 7 9 11 10 14 15 13 12 17 18 16 20 21 19 23 22 24 27 25 26
1 0 2 5 3 4 6 9 7 8 11 12 10 14 13 16 17 18 15 20 19 21 23 25 22 24 26 27
1 3 0 2 5 6 4 7 11 8 9 10 13 12 15 14 17 16 19 21 18 20 23 22 26 24 27 25
1 2 0 5 3 4 8 9 7 6 11 12 13 10 16 14 17 15 18 22 21 19 20 24 25 23 26 27
1 0 4 2 5 3 7 6 8 11 9 10 13 12 15 17 14 16 18 21 22 20 19 24 23 26 27 25
0 3 1 4 2 6 7 5 9 10 8 12 11 15 13 14 16 19 17 18 21 20 23 22 26 24 27 25
1 0 2 4 3 6 5 9 7 8 10 12 11 16 13 14 15 17 19 18 20 21 25 22 23 24 27 26
1 2 3 0 6 4 5 8 7 11 9 10 13 14 15 12 16 18 17 20 21 19 25 22 23 24 27 26
1 3 0 2 6 4 5 7 10 8 11 9 13 12 15 16 17 14 18 22 21 19 20 25 23 24 26 27
2 0 3 1 6 4 5 7 9 8 11 10 12 14 16 13 15 19 17 20 18 23 21 22 25 24 27 26
0 3 1 2 4 5 9 8 6 7 11 10 13 12 14 17 15 16 21 20 18 19 23 24 22 25 26 27
1 0 2 3 6 4 5 8 7 10 12 9 11 15 13 14 16 17 19 18 20 23 21 24 22 26 25 27
0 3 1 2 6 4 5 8 9 7 12 10 13 11 15 14 18 16 19 17 21 20 25 24 22 23 27 26
0 1 4 2 3 6 5 7 9 10 8 13 11 12 14 17 18 16 15 20 22 19 21 23 25 26 24 27
1 2 0 5 3 4 8 6 7 10 9 12 11 15 13 16 14 19 20 18 17 23 21 22 24 26 25 27
1 0 5 4 2 3 8 6 9 7 13 12 10 11 16 14 15 17 21 20 18 19 24 22 25 23 26 27
1 0 3 4 5 2 6 8 9 7 11 10 14 12 13 18 15 16 17 20 19 24 21 22 23 25 26 27
1 2 3 0 6 4 5 8 10 7 9 13 14 12 11 16 17 15 20 18 19 23 21 22 27 26 24 25
1 0 3 4 2 5 8 6 7 10 11 9 14 12 15 13 17 19 16 18 20 23 21 22 24 26 25 27
1 0 3 5 2 4 6 8 9 7 11 10 15 14 12 13 17 16 19 21 18 20 24 22 23 26 27 25
1 2 0 4 3 8 5 6 7 10 11 9 13 14 12 18 17 15 16 21 19 22 20 24 23 26 27 25
1 2 3 0 6 4 5 9 10 8 7 12 13 11 15 16 14 20 19 17 18 23 21 22 26 27 25 24
1 3 0 2 4 6 7 8 5 9 10 11 13 12 14 16 15 19 17 18 20 22 21 25 23 24 26 27
1 0 4 2 3 5 7 6 9 8 11 10 14 15 13 12 17 16 19 18 20 22 21 24 25 23 26 27
1 0 2 4 3 6 7 8 5 10 9 11 12 13 17 16 14 15 19 20 18 22 23 21 25 24 26 27
3 0 1 2 4 6 8 5 7 9 13 10 11 12 14 15 17 16 18 22 21 19 20 24 25 23 26 27
1 0 3 2 6 7 5 4 11 8 9 10 12 13 16 14 15 18 19 17 21 20 22 24 25 23 26 27
0 3 1 2 5 7 4 6 8 10 11 9 14 12 13 16 17 15 18 20 19 21 24 22 23 25 26 27
1 2 0 4 3 8 5 6 7 10 9 13 11 14 12 16 17 15 18 21 22 20 19 25 23 24 27 26
3 2 0 1 6 4 5 8 7 12 9 10 11 15 13 14 16 17 19 21 18 20 23 22 24 25 27 26
0 3 4 2 1 5 7 6 10 8 9 13 11 12 14 17 15 18 16 22 19 20 21 24 23 25 27 26
0 1 3 4 2 6 5 10 9 7 8 13 11 12 15 16 14 18 19 20 17 22 21 24 25 23 26 27
1 0 3 2 5 6 7 4 9 8 12 10 11 15 13 14 17 18 19 16 23 20 21 22 26 24 25 27
0 1 4 2 3 5 9 6 7 8 11 10 14 12 13 18 17 15 16 19 20 22 23 21 25 24 26 27
0 2 3 4 1 5 8 9 7 6 13 10 11 12 16 14 15 18 19 20 17 23 21 22 24 27 25 26
2 0 1 4 5 6 3 8 7 10 9 13 11 14 12 15 17 16 19 18 22 20 23 21 27 24 25 26
0 2 1 3 5 6 4 7 9 10 8 13 11 12 15 17 14 16 19 20 21 18 24 22 23 27 25 26
1 0 4 2 3 7 5 6 8 10 9 11 13 12 15 14 17 16 21 18 19 20 24 25 23 22 27 26
3 2 0 1 4 5 7 6 11 8 9 10 15 12 13 14 17 16 18 20 21 22 19 23 24 26 27 25
2 0 3 1 5 4 7 6 9 10 11 8 13 12 15 17 14 16 20 18 21 19 23 24 22 26 25 27
2 0 1 4 5 6 3 9 7 8 12 10 11 15 13 14 17 18 16 21 19 22 20 23 25 26 24 27
0 2 1 3 6 4 7 5 11 8 9 10 13 12 14 17 15 16 19 20 18 22 23 21 25 24 27 26
2 0 1 4 3 7 5 8 6 10 11 12 9 16 15 13 14 18 20 17 19 22 21 26 25 23 24 27
1 0 3 2 4 6 5 8 7 10 9 12 13 11 16 14 17 15 21 20 18 19 23 22 25 24 27 26
2 0 3 1 6 7 5 4 8 10 12 9 11 13 14 16 15 18 17 20 22 19 21 24 26 23 25 27
1 2 0 4 3 5 8 6 7 10 11 9 14 15 13 12 16 18 17 21 19 22 20 24 25 23 27 26
1 2 0 3 4 6 5 8 9 7 10 13 11 14 12 16 17 15 20 18 19 21 23 22 25 26 27 24
0 2 4 1 3 6 5 9 7 8 11 13 10 12 15 16 14 19 20 18 17 22 23 24 21 25 27 26
2 0 1 5 6 4 3 7 8 9 11 10 12 14 13 17 15 16 19 20 18 21 23 22 25 24 26 27
0 3 1 2 6 4 7 5 9 10 8 13 11 12 17 16 14 15 20 18 19 22 21 24 23 27 25 26
0 3 1 2 5 4 8 6 9 7 12 10 13 11 15 17 14 16 18 20 22 19 21 25 26 24 23 27
1 0 2 5 3 4 7 9 6 8 11 10 12 15 13 16 14 20 17 18 19 23 21 22 25 24 26 27
1 0 3 2 5 6 7 4 8 11 9 10 14 12 15 13 18 16 17 20 21 19 23 24 25 22 27 26
1 0 3 4 2 7 8 6 5 10 9 12 13 11 15 14 18 16 19 17 20 22 23 21 24 27 25 26
1 0 2 5 3 4 8 6 7 9 11 13 10 12 15 16 14 18 17 19 20 23 21 22 26 27 25 24
1 0 3 2 5 6 4 9 7 8 10 12 11 13 14 17 18 16 15 21 22 20 19 23 25 27 24 26
1 2 0 4 3 6 7 5 10 8 9 12 11 14 15 13 17 16 20 18 19 21 23 24 22 25 27 26
0 2 1 4 5 6 3 8 9 7 11 13 10 12 15 16 14 17 18 22 19 20 21 24 25 23 26 27
1 0 3 4 2 7 5 8 6 9 13 10 11 12 15 16 14 18 20 17 19 21 24 25 23 22 27 26
1 2 0 5 3 4 9 6 7 8 11 10 13 12 15 14 17 16 18 20 21 22 19 24 23 25 26 27
1 2 3 0 4 5 9 6 7 8 11 10 13 14 15 12 17 18 16 20 21 22 19 24 23 27 25 26
1 0 5 2 3 4 7 8 6 9 11 10 13 12 14 16 15 19 17 18 21 22 20 23 24 25 26 27
1 2 0 4 3 7 5 6 10 8 9 14 13 11 12 16 15 19 17 18 21 22 23 20 25 24 26 27
2 0 1 5 3 4 8 6 7 9 12 10 13 11 14 17 15 16 21 20 18 19 24 22 23 26 25 27
1 2 0 3 5 6 7 4 9 11 8 10 14 12 13 16 15 17 18 22 21 19 20 24 25 23 27 26
0 1 4 2 3 5 8 6 9 7 11 10 13 14 12 16 17 15 19 18 21 22 23 20 26 24 25 27
2 0 1 3 4 6 5 8 7 10 9 12 11 15 13 14 17 18 19 16 21 20 23 24 25 22 27 26
0 2 1 5 3 4 6 8 9 7 12 10 11 13 15 17 14 16 21 20 18 19 22 25 23 24 26 27
1 2 3 0 5 7 4 6 9 8 12 10 11 16 13 14 15 18 19 20 17 24 21 22 23 26 25 27
2 0 3 1 4 6 5 9 7 10 8 12 11 15 13 14 19 16 17 18 22 23 21 20 26 27 25 24
0 3 1 2 6 4 5 8 7 10 11 9 13 12 15 16 14 19 17 18 20 22 23 21 27 26 24 25
0 3 1 2 5 6 4 8 9 7 11 10 14 12 13 16 15 19 17 18 22 20 21 24 23 26 25 27
2 0 1 3 5 6 4 7 9 10 8 13 11 14 12 15 17 16 20 18 21 19 24 22 25 23 26 27
0 1 3 2 4 7 5 6 11 8 9 10 12 14 13 15 17 16 20 21 19 18 22 25 26 24 23 27
0 4 1 2 3 8 5 6 7 10 11 9 12 14 15 13 16 20 19 17 18 22 21 24 23 27 25 26
2 0 1 4 3 6 7 5 8 10 9 11 13 14 15 12 16 19 17 20 18 23 21 22 27 26 24 25
1 0 3 2 6 4 5 9 10 8 7 12 11 16 15 13 14 18 17 20 19 23 21 22 25 24 26 27
2 0 1 4 3 6 5 8 7 10 9 11 12 15 16 14 13 19 17 18 23 20 21 22 25 27 24 26
1 0 3 4 2 8 5 6 7 9 11 10 13 12 15 16 14 20 19 17 18 22 23 24 21 26 25 27
2 0 3 1 5 4 9 8 6 7 11 12 13 10 15 14 19 16 17 18 20 22 23 21 25 24 27 26
1 0 3 5 2 4 6 9 7 8 11 10 13 14 12 16 17 15 19 18 21 22 20 23 24 25 27 26
1 2 0 5 6 4 3 7 9 10 11 8 12 13 15 14 17 18 16 20 21 19 22 23 25 26 24 27
2 3 1 0 7 6 4 5 8 10 9 12 11 14 13 15 19 18 16 17 20 22 21 24 25 23 27 26
1 0 3 2 5 4 6 8 7 10 9 13 11 12 15 14 19 18 16 17 22 20 21 23 27 26 24 25
2 0 1 4 3 6 7 5 9 11 8 10 14 12 13 16 15 18 17 20 21 19 23 22 24 26 27 25
3 0 1 2 5 6 4 8 7 10 9 12 13 11 14 16 17 15 20 21 19 18 24 22 25 23 26 27
1 0 2 3 5 7 4 6 9 8 11 12 10 15 13 14 16 18 17 19 21 20 23 24 22 26 25 27
1 0 3 2 5 4 6 8 9 7 11 13 10 12 14 16 18 15 17 21 19 22 20 24 23 26 25 27
1 2 0 4 5 3 7 8 6 10 11 9 13 14 12 16 17 15 19 18 22 23 21 20 25 26 24 27
1 2 0 4 3 6 5 9 7 8 10 13 11 12 16 17 15 14 20 21 19 18 22 24 23 27 25 26
0 1 3 4 2 6 7 5 10 8 9 11 12 14 15 13 16 17 18 20 19 22 21 24 25 26 23 27
0 2 1 3 4 6 7 8 5 10 11 9 13 14 12 15 16 18 19 17 21 22 20 24 26 23 25 27
2 0 1 5 3 4 7 6 8 12 11 9 10 16 15 13 14 18 17 20 19 22 21 24 23 26 27 25
1 0 3 5 2 4 7 6 8 9 12 10 11 13 15 14 17 16 20 18 19 21 23 24 22 26 27 25
1 0 5 4 2 3 6 9 7 8 13 10 11 12 15 17 14 16 19 20 18 23 21 22 24 25 27 26
2 0 3 1 5 6 4 7 8 11 9 10 14 15 13 12 18 16 17 20 19 23 21 22 26 24 25 27
2 0 1 5 3 4 7 8 6 10 11 9 12 15 13 14 17 16 19 18 20 23 21 22 25 24 27 26
1 2 3 0 5 4 8 6 7 11 9 10 14 12 13 15 18 16 19 17 22 20 21 24 23 27 25 26
0 3 1 2 6 4 5 8 7 10 11 9 12 13 16 17 15 14 20 18 19 21 23 22 27 24 25 26
0 2 1 4 3 6 5 9 7 8 11 12 13 10 14 17 18 16 15 20 22 19 21 24 23 27 25 26
2 0 1 5 3 6 4 9 7 10 8 11 12 14 15 16 13 18 19 17 20 24 21 22 23 27 25 26
1 0 2 4 5 3 8 6 7 9 11 10 13 12 15 16 17 14 19 18 21 22 20 23 26 24 25 27
1 0 3 2 5 4 7 8 6 12 11 9 10 14 15 13 17 18 16 20 21 22 19 24 23 26 27 25
1 2 0 4 3 6 5 7 8 11 9 10 15 12 13 14 16 19 17 18 21 20 24 22 23 26 25 27
1 0 5 4 2 3 7 8 6 9 11 10 13 14 15 12 16 19 17 18 22 23 21 20 26 24 25 27
2 0 1 5 3 6 4 10 7 8 9 13 11 12 14 16 15 19 17 18 20 22 21 25 26 24 23 27
2 0 3 1 6 4 5 9 7 8 11 12 10 13 15 14 16 18 19 17 21 22 20 24 25 23 26 27
2 0 1 4 5 3 7 6 9 10 8 12 14 11 13 16 15 18 20 17 19 22 21 25 26 24 23 27
3 2 0 1 6 4 5 8 7 9 12 13 11 10 14 15 19 16 17 18 21 20 22 26 23 24 25 27
0 1 3 2 4 6 5 7 10 8 9 12 13 11 14 15 16 17 19 18 22 20 23 21 24 25 27 26
0 3 1 4 2 6 8 5 7 10 11 9 13 14 12 15 18 19 17 16 21 23 20 22 26 24 25 27
0 1 2 4 5 3 6 8 9 7 12 10 11 15 13 14 16 18 19 17 22 20 21 24 25 23 27 26
3 0 1 2 6 4 7 5 10 11 9 8 12 14 13 16 15 19 17 18 21 22 23 20 27 24 25 26
2 0 1 4 6 3 5 8 10 7 9 12 13 11 15 16 14 17 19 18 22 23 21 20 24 25 27 26
3 2 0 1 5 6 4 7 9 10 8 12 11 14 15 16 13 19 17 18 21 20 23 24 22 26 25 27
1 0 2 4 3 7 5 6 10 8 9 12 11 13 15 14 19 16 17 18 22 23 21 20 25 26 24 27
2 0 1 5 3 6 4 7 10 8 11 9 13 12 15 14 16 17 20 18 19 21 23 22 24 25 27 26
1 0 4 2 3 7 5 6 9 10 8 12 11 13 14 17 15 16 19 20 18 23 21 24 22 26 25 27
1 2 0 3 5 4 6 10 9 7 8 12 11 15 13 14 18 16 19 17 22 20 21 24 25 23 26 27
1 0 2 4 6 3 5 8 7 10 9 11 12 14 16 13 15 17 21 20 18 19 22 23 25 26 24 27
0 4 1 2 3 5 7 6 8 12 9 10 11 15 13 14 17 18 16 21 19 20 23 25 22 24 26 27
1 3 0 2 5 6 7 4 8 9 11 13 10 12 14 15 17 18 16 20 19 21 22 24 25 23 27 26
2 0 1 4 5 3 7 8 6 9 12 10 13 11 15 14 17 16 18 20 19 24 21 22 23 26 25 27
2 0 3 1 5 4 7 6 8 9 12 10 11 13 15 17 14 16 18 22 21 19 20 25 23 24 26 27
0 2 3 1 4 6 5 7 10 8 11 9 13 14 12 16 17 15 20 18 19 22 21 24 23 26 25 27
2 0 1 3 4 7 5 6 8 10 11 9 13 14 12 16 17 15 19 20 18 22 23 24 21 26 25 27
2 0 3 1 5 6 7 4 9 10 8 12 13 11 17 16 14 15 19 20 21 18 23 22 25 24 26 27
0 2 3 1 7 4 5 6 9 10 8 11 12 14 16 13 15 18 19 17 22 20 21 25 23 24 27 26
0 1 3 2 4 6 8 5 7 10 9 12 11 13 15 14 17 16 18 20 21 19 23 22 25 24 27 26
0 1 4 2 3 6 5 7 8 9 10 11 14 12 13 16 15 18 17 19 20 22 23 21 25 24 27 26
2 0 1 3 5 4 8 6 7 10 9 13 11 12 15 17 14 16 18 20 19 21 23 22 25 24 27 26
0 2 1 6 3 4 5 9 10 8 7 14 13 11 12 16 17 15 19 18 21 22 23 20 25 24 27 26
1 2 0 4 3 6 7 8 5 9 10 13 14 12 11 16 15 18 17 21 19 22 20 24 25 23 26 27
1 3 0 2 6 4 7 5 9 8 11 13 10 12 17 16 14 15 19 18 22 23 21 20 24 25 27 26
2 3 1 0 4 6 5 7 10 8 9 14 11 12 13 17 15 16 19 18 21 22 20 23 25 27 24 26
1 2 0 4 6 3 5 10 9 7 8 13 14 12 11 15 18 19 17 16 22 20 21 23 26 24 25 27
1 2 0 4 3 7 5 8 6 11 9 10 15 14 12 13 17 18 19 16 20 21 25 24 22 23 26 27
1 0 3 2 5 4 8 6 7 10 9 12 13 11 14 15 19 18 16 17 20 23 24 22 21 26 25 27
2 0 1 3 5 4 9 8 6 7 11 10 12 14 16 13 15 19 17 18 21 20 22 25 23 24 26 27
1 2 3 0 5 6 7 4 9 8 11 10 12 15 13 16 14 17 18 21 19 20 23 22 26 24 25 27
2 0 3 1 5 4 7 6 9 10 8 11 15 14 12 13 16 18 17 21 22 20 19 25 23 24 26 27
1 0 2 5 3 4 9 6 7 8 11 12 13 10 15 14 17 19 16 18 21 20 22 23 26 24 25 27
2 0 1 5 3 6 4 8 9 7 10 12 13 11 15 14 17 16 19 18 21 20 23 24 22 26 25 27
2 3 1 0 6 4 7 5 9 10 8 12 13 11 15 14 16 19 17 20 18 22 23 21 24 25 27 26
1 0 5 2 3 4 7 6 9 10 8 13 11 12 15 14 17 16 18 21 19 22 20 23 25 27 24 26
0 3 1 4 2 5 7 6 9 10 8 12 14 11 13 17 15 16 19 18 21 22 20 23 25 26 27 24
1 2 0 4 3 6 5 9 7 8 11 13 10 12 15 16 17 14 18 20 21 19 25 22 23 24 26 27
1 0 4 2 3 5 6 7 9 8 11 10 15 14 12 13 18 16 17 21 19 22 20 25 23 24 27 26
2 0 1 4 5 3 6 10 7 8 9 13 11 12 16 17 15 14 20 18 21 19 22 24 25 23 27 26
0 2 1 5 6 4 3 8 9 7 11 10 13 14 12 15 17 16 18 21 19 20 24 22 25 23 26 27
1 2 0 4 3 8 7 5 6 11 9 10 13 14 12 16 15 19 17 18 21 20 23 25 22 24 26 27
1 0 3 2 4 8 7 5 6 9 12 10 13 11 16 14 17 15 18 19 21 20 25 24 22 23 26 27
1 0 3 4 2 7 8 6 5 12 9 10 11 14 13 16 17 15 19 20 18 22 21 23 26 24 27 25
1 0 2 4 5 6 3 7 9 8 11 12 13 10 15 16 14 17 19 20 18 23 21 22 25 26 24 27
2 0 1 5 3 6 4 8 7 10 9 12 11 14 13 16 17 15 19 20 18 21 23 22 25 27 24 26
1 0 3 2 6 4 5 10 7 8 9 13 11 12 15 14 19 16 17 18 20 21 22 24 23 27 25 26
1 0 4 2 5 3 6 9 7 8 11 12 13 10 15 14 18 16 17 20 21 19 24 22 23 26 25 27
0 1 4 2 3 6 7 8 5 9 11 12 10 14 16 13 15 20 19 17 18 23 21 24 22 26 25 27
3 2 0 1 4 8 7 5 6 10 9 12 13 11 15 14 17 18 16 19 23 22 20 21 25 26 24 27
3 0 1 2 5 7 4 6 10 8 11 9 14 12 13 16 17 15 18 21 19 22 20 23 25 27 24 26
3 2 0 1 7 6 4 5 8 10 9 13 11 12 15 14 16 20 19 17 18 21 22 25 23 24 27 26
0 3 4 2 1 6 5 8 9 7 11 12 10 13 17 14 15 16 18 19 20 22 21 24 25 26 23 27
1 2 0 3 5 6 4 7 8 11 9 10 12 14 13 18 15 16 17 20 21 19 23 24 22 25 26 27
1 0 3 2 5 4 7 8 6 10 9 12 11 14 13 15 17 16 18 20 19 23 21 22 26 24 25 27
3 2 0 1 5 6 4 8 9 7 11 12 10 14 13 16 15 18 17 21 19 22 20 23 25 24 27 26
3 0 1 2 7 6 4 5 8 10 11 9 15 12 13 14 17 16 19 18 21 22 20 25 23 24 26 27
1 0 3 4 5 2 7 8 6 11 9 10 13 14 12 16 18 15 17 22 21 19 20 24 25 23 27 26
1 2 0 5 3 6 4 10 9 7 8 14 13 11 12 17 15 18 16 20 19 23 24 22 21 25 27 26
1 2 0 3 6 4 5 8 7 10 9 12 11 14 13 16 18 15 17 21 19 20 23 22 25 26 24 27
1 0 2 4 3 8 7 5 6 9 12 10 11 14 13 16 15 17 20 18 21 19 24 25 23 22 26 27
1 2 0 4 5 3 8 6 9 7 10 12 11 15 13 16 14 18 19 17 20 22 21 26 23 24 25 27
0 3 1 2 4 6 7 5 8 9 11 12 13 10 15 14 17 18 16 21 19 22 20 25 23 24 27 26
0 3 1 4 2 5 7 6 9 8 12 10 11 15 13 14 17 18 16 19 22 23 21 20 24 26 27 25
1 0 3 2 6 4 5 7 9 8 10 12 11 14 13 15 17 18 16 20 19 22 21 23 25 26 24 27
0 2 3 4 1 5 6 9 7 10 8 12 13 11 15 16 14 18 19 20 17 23 24 22 21 26 25 27
1 3 0 2 5 6 4 8 9 10 7 13 11 12 16 14 15 18 17 21 19 22 20 26 23 24 25 27
3 0 1 2 6 7 5 4 8 11 9 10 14 15 13 12 17 16 19 18 20 22 21 24 26 23 25 27
2 0 1 5 3 6 4 10 9 7 8 12 13 14 11 17 15 16 18 21 19 20 23 22 27 26 24 25
0 1 5 2 3 4 9 6 7 8 10 12 11 14 13 16 17 15 19 18 22 20 21 24 25 23 27 26
1 0 3 2 4 7 5 6 8 10 11 9 15 12 13 14 18 16 17 21 19 20 23 22 24 25 26 27
2 0 1 5 3 6 4 8 9 7 10 12 13 11 16 14 15 19 17 18 21 20 22 24 25 23 27 26
1 2 0 3 6 4 5 9 7 8 11 10 14 12 13 16 17 18 15 20 19 24 21 22 23 26 25 27
0 3 1 2 4 5 8 6 7 9 11 12 10 15 13 14 18 19 17 16 22 23 21 20 24 27 25 26
0 1 3 2 6 4 5 8 7 9 10 13 11 12 17 16 14 15 20 18 19 21 23 22 26 24 25 27
1 3 0 2 5 4 7 8 6 12 11 9 10 13 15 14 17 16 20 18 19 23 21 24 22 26 25 27
1 2 0 4 5 3 7 6 11 10 8 9 13 14 12 16 15 18 17 20 21 19 22 25 26 24 23 27
1 3 0 2 5 4 7 8 6 11 9 10 12 14 15 13 17 16 19 18 22 20 21 25 23 24 26 27
1 2 0 3 4 5 7 6 10 8 11 9 12 14 13 16 15 18 17 22 21 19 20 23 25 24 26 27
1 3 0 2 7 6 4 5 8 12 11 9 10 13 15 14 16 18 17 19 22 20 21 26 25 23 24 27
2 0 1 4 5 6 3 9 7 8 11 12 10 14 13 17 15 16 19 18 21 22 20 24 25 23 26 27
0 3 1 2 5 4 7 6 10 8 9 13 11 12 14 17 15 16 19 18 21 22 20 24 25 23 26 27
1 2 3 0 4 6 5 7 9 10 8 11 14 12 13 15 16 18 19 17 21 20 23 24 22 26 27 25
0 4 1 2 3 7 5 6 10 8 11 9 12 14 13 15 18 16 17 20 19 21 23 22 25 26 24 27
1 2 3 0 4 6 7 5 8 10 11 9 13 14 12 16 17 15 19 18 21 20 22 24 23 26 25 27
1 0 3 4 2 6 5 9 7 10 8 12 13 14 11 17 15 16 19 18 21 20 23 22 25 26 27 24
0 2 1 4 3 5 7 6 11 10 8 9 14 15 13 12 17 19 16 18 21 20 22 25 23 24 27 26
1 0 5 4 2 3 7 6 9 8 10 12 11 14 13 18 17 15 16 19 23 20 21 22 24 27 25 26
0 4 1 2 3 5 7 6 10 8 11 9 13 12 14 16 17 15 19 18 20 21 23 25 22 24 27 26
0 2 1 6 5 3 4 9 10 8 7 13 11 12 17 14 15 16 20 18 21 19 22 25 26 24 23 27
0 1 4 5 3 2 7 8 6 12 11 9 10 14 15 16 13 18 20 17 19 22 21 24 23 25 27 26
1 0 4 2 3 8 7 5 6 9 12 10 11 13 15 16 14 19 17 18 21 20 22 24 25 23 26 27
3 0 1 2 5 7 4 6 8 10 9 12 11 14 13 16 15 17 19 20 18 22 21 25 23 26 24 27
2 0 1 4 6 3 5 7 8 10 9 12 11 14 15 16 13 18 17 20 21 19 24 22 23 26 25 27
1 0 2 5 3 4 7 6 9 8 10 12 11 15 13 14 18 16 17 20 19 22 21 23 24 26 25 27
1 0 4 2 5 3 7 6 11 10 8 9 13 15 12 14 16 20 19 17 18 22 21 26 25 23 24 27
1 0 4 2 3 5 7 6 11 8 9 10 14 12 13 16 15 18 17 19 20 22 21 23 25 24 26 27
1 2 0 6 3 4 5 9 10 8 7 12 14 11 13 15 17 18 19 16 21 22 20 25 23 24 26 27
0 4 1 2 3 7 5 6 9 11 8 10 13 14 12 16 17 15 19 18 21 22 23 20 24 25 27 26
1 0 3 2 5 7 4 6 9 8 11 10 13 15 12 14 16 18 19 17 21 20 23 24 22 27 25 26
0 2 3 1 5 4 9 8 6 7 11 10 14 12 13 15 16 20 19 17 18 23 21 22 24 26 25 27
2 0 3 1 5 6 4 9 7 8 10 12 13 11 15 14 17 16 18 20 21 19 22 23 24 25 27 26
2 0 1 3 4 6 7 8 5 11 9 10 13 12 15 14 17 18 16 21 19 20 22 24 23 26 27 25
2 0 1 3 6 4 5 9 7 8 11 12 10 13 15 14 17 18 19 16 21 20 24 22 23 26 27 25
0 2 3 1 5 6 4 7 11 10 8 9 14 12 15 13 16 17 20 18 21 19 23 22 27 26 24 25
1 0 2 4 5 3 6 7 8 11 9 12 10 15 13 14 17 18 16 20 21 19 24 22 23 26 25 27
2 0 1 3 4 5 8 6 9 7 10 11 12 14 16 13 15 17 18 20 21 19 24 22 23 25 27 26
3 2 0 1 7 4 5 6 10 8 9 12 11 15 13 14 17 16 18 21 19 22 20 24 23 25 27 26
1 0 2 3 5 6 4 7 8 11 9 12 10 14 15 13 16 17 19 21 18 20 23 24 25 22 27 26
0 2 3 1 6 4 5 7 9 10 8 12 11 14 16 13 15 18 20 17 19 22 23 24 21 25 27 26
0 2 3 4 1 5 6 8 7 11 9 10 13 14 12 15 17 18 16 20 21 19 25 24 22 23 26 27
2 3 1 0 7 4 5 6 8 10 12 9 11 13 15 16 17 14 19 18 21 20 22 23 24 26 27 25
1 2 0 3 5 6 4 8 7 11 9 10 13 12 14 15 16 20 19 17 18 23 21 22 26 24 25 27
1 2 0 4 5 3 8 9 7 6 12 10 11 15 13 14 18 19 17 16 21 22 20 23 26 24 25 27
2 0 1 4 3 6 5 9 7 10 8 12 11 15 13 16 14 17 19 20 18 24 21 22 23 25 26 27
1 0 4 2 3 5 8 6 7 10 11 9 14 15 13 12 16 20 17 18 19 22 24 21 23 25 27 26
3 0 1 2 4 8 5 6 7 10 11 9 14 12 13 16 15 19 17 18 21 23 20 22 25 24 26 27
1 0 3 2 5 4 9 8 6 7 12 10 11 14 15 16 13 17 19 20 18 23 21 22 25 24 27 26
2 0 1 4 3 6 8 5 7 10 9 12 13 11 14 15 17 16 18 21 19 20 24 22 23 26 25 27
0 2 4 1 3 5 9 8 6 7 12 10 11 13 16 14 17 15 18 19 20 21 22 24 23 26 25 27
0 2 1 4 3 5 6 8 7 10 11 9 13 12 15 17 14 16 18 20 19 21 22 24 25 26 23 27
3 2 0 1 7 6 4 5 9 8 12 13 11 10 17 14 15 16 20 21 19 18 22 25 23 24 27 26
1 3 0 2 5 7 4 6 9 10 8 13 11 14 12 15 18 16 17 21 19 22 20 24 23 26 25 27
0 1 4 2 3 6 5 8 7 9 12 10 11 15 13 14 16 17 19 18 20 22 21 24 23 26 25 27
3 0 1 2 5 4 8 9 7 6 13 10 11 12 16 14 15 18 20 17 19 22 21 24 23 26 25 27
0 3 4 2 1 7 5 6 8 9 11 12 10 14 13 16 17 15 18 20 19 22 21 25 23 24 27 26
2 0 1 3 5 4 7 6 9 11 8 10 13 12 16 14 17 15 19 21 18 20 23 22 25 24 26 27
2 3 1 0 4 5 8 6 7 12 11 9 10 14 13 15 16 18 17 19 21 20 25 24 22 23 27 26
1 0 3 2 5 7 4 6 10 8 9 13 11 12 14 17 15 16 19 21 18 20 23 22 26 24 27 25
1 3 0 2 6 4 7 5 9 10 11 8 13 14 12 16 15 18 17 20 22 19 21 24 25 23 27 26
1 2 0 3 5 4 7 6 9 10 8 13 11 12 14 15 18 16 17 19 23 20 21 22 24 26 25 27
2 0 3 1 6 7 5 4 11 10 8 9 13 15 12 14 18 16 17 19 23 22 20 21 24 25 27 26
0 2 1 5 3 4 9 8 6 7 12 13 11 10 17 16 14 15 20 21 19 18 24 22 25 23 26 27
1 2 0 3 4 6 5 9 7 10 8 12 13 11 17 14 15 16 18 20 19 23 24 22 21 27 25 26
2 0 1 3 5 6 4 7 9 8 11 12 13 10 16 14 17 15 20 18 19 21 22 24 26 23 25 27
1 2 0 5 3 6 4 7 11 10 8 9 13 12 15 14 16 19 17 18 21 20 22 23 25 24 26 27
1 0 4 2 3 5 6 7 10 8 9 11 13 12 16 14 17 15 18 21 19 20 22 24 25 26 23 27
2 0 1 3 6 7 5 4 8 11 9 10 13 12 15 14 17 16 19 20 21 18 23 22 25 26 27 24
0 4 1 2 3 7 5 6 9 10 11 8 13 14 15 12 16 17 19 20 21 18 23 22 25 24 26 27
3 2 0 1 5 4 7 6 11 8 9 10 13 12 16 17 15 14 19 18 20 24 23 21 22 26 27 25
1 2 0 4 3 6 7 5 10 8 11 9 14 15 13 12 17 18 16 22 19 20 21 24 23 26 25 27
1 0 2 4 3 6 5 7 8 10 9 13 11 12 15 14 17 19 16 18 20 22 21 24 25 23 27 26
1 2 0 6 3 4 5 7 9 10 8 13 11 12 15 16 17 14 20 21 19 18 24 22 23 26 27 25
0 1 4 2 3 6 5 8 7 9 12 10 11 14 13 16 17 18 15 20 19 21 22 24 25 26 23 27
1 0 4 5 3 2 7 6 9 10 8 12 11 13 16 14 15 18 17 19 21 20 23 24 22 27 25 26
3 2 0 1 5 4 8 6 7 9 11 12 10 14 15 13 17 18 19 16 21 20 24 22 23 26 25 27
3 2 0 1 6 7 5 4 8 10 9 12 11 16 15 13 14 19 20 18 17 21 23 22 25 24 26 27
2 0 1 4 5 3 6 8 7 12 11 9 10 16 15 13 14 19 17 18 21 22 20 24 25 26 23 27
1 2 0 4 6 3 5 7 9 8 11 10 13 12 14 16 18 15 17 21 22 20 19 25 23 24 26 27
2 0 1 5 3 4 6 8 9 7 11 10 13 15 12 14 17 16 18 20 19 21 22 25 23 26 24 27
1 0 2 4 5 3 9 8 6 7 11 10 14 12 15 13 17 18 16 19 20 22 21 23 25 26 27 24
1 2 0 5 3 6 4 9 7 8 11 10 13 12 15 16 14 17 21 20 18 19 22 24 25 23 27 26
0 1 3 4 2 6 5 8 9 7 13 10 11 12 16 14 15 17 18 19 21 22 23 20 24 26 25 27
1 2 0 4 5 3 6 7 9 10 8 13 14 12 11 18 17 15 16 19 21 22 20 24 23 27 25 26
0 2 1 3 5 7 4 6 8 10 12 9 11 14 13 16 17 15 19 18 21 20 23 25 22 24 26 27
1 2 0 5 3 4 7 6 9 10 8 11 13 12 15 14 17 18 19 16 22 20 23 21 24 25 27 26
2 0 3 1 6 4 7 5 11 10 8 9 12 14 13 15 16 19 20 18 17 23 21 24 22 26 25 27
2 0 1 5 3 6 4 7 8 9 11 10 14 12 13 17 15 16 20 18 19 22 21 24 23 25 27 26
0 2 1 4 3 6 5 7 10 8 9 11 12 15 13 14 16 18 17 19 22 20 21 24 25 23 27 26
2 3 1 0 4 6 5 9 7 8 11 12 10 15 13 14 18 16 19 17 22 20 21 23 25 24 27 26
2 3 1 0 5 6 4 7 8 10 9 13 14 12 11 17 15 16 19 21 18 20 22 25 23 24 26 27
0 2 4 1 3 5 7 9 6 8 12 10 13 11 15 17 14 16 20 18 19 22 23 21 24 26 25 27
0 4 3 1 2 6 8 5 7 11 12 10 9 13 14 17 15 16 19 18 20 21 22 23 25 24 27 26
1 2 3 0 5 4 7 6 9 10 8 12 13 11 15 14 17 18 16 19 22 20 21 24 23 25 27 26
1 2 0 6 5 3 4 8 7 11 9 10 13 12 15 16 17 14 19 20 18 24 23 21 22 25 27 26
2 0 1 4 3 8 5 6 7 9 12 13 11 10 14 15 16 19 17 18 20 22 21 24 23 26 27 25
3 0 1 2 5 6 7 4 9 8 11 10 12 15 13 14 17 18 16 22 19 20 21 25 23 26 24 27
1 0 3 4 2 8 7 5 6 11 9 10 13 14 12 17 18 16 15 19 21 22 20 25 23 24 26 27
1 0 3 2 5 4 6 9 7 10 8 11 13 14 15 12 17 19 16 18 21 20 22 25 23 24 26 27
0 2 4 1 3 8 7 5 6 9 12 10 11 15 13 16 14 19 17 18 22 20 21 23 25 24 27 26
1 3 0 2 5 6 4 9 10 8 7 12 13 11 14 15 18 16 17 19 22 23 21 20 26 24 25 27
2 0 1 5 3 4 7 6 10 8 9 13 11 12 14 16 15 17 19 20 18 24 23 21 22 26 25 27
1 2 3 0 5 6 4 9 7 8 11 10 12 14 13 18 17 15 16 20 21 19 22 25 23 24 26 27
3 2 0 1 4 7 8 6 5 11 9 10 15 12 13 14 17 16 21 20 18 19 23 22 25 26 24 27
0 3 1 2 5 6 7 4 11 8 9 10 13 12 17 16 14 15 20 18 19 22 21 24 26 23 25 27
1 0 2 3 4 7 8 6 5 9 11 10 13 12 15 16 17 14 19 18 20 21 23 24 22 26 25 27
2 3 1 0 5 4 9 6 7 8 10 14 11 12 13 16 15 20 17 18 19 22 23 21 27 24 25 26
0 2 3 1 5 6 4 9 7 8 11 10 13 12 15 17 14 16 20 18 19 24 23 21 22 25 27 26
1 2 3 0 4 7 5 6 8 9 12 10 13 11 16 14 17 15 21 20 18 19 25 24 22 23 27 26
0 1 2 5 3 6 4 9 7 8 11 10 13 12 15 16 14 18 19 17 21 23 20 22 24 26 25 27
1 0 2 5 3 4 8 6 7 12 9 10 11 15 13 14 17 19 16 18 21 20 23 22 25 26 24 27
2 3 1 0 5 4 7 6 8 10 9 13 11 14 12 16 15 18 17 21 19 22 20 23 25 26 24 27
2 0 1 5 3 4 6 8 7 9 11 12 10 14 13 16 15 19 17 20 18 21 23 22 24 25 26 27
1 0 3 2 5 4 7 6 8 11 12 10 9 14 15 16 13 17 19 20 18 22 21 24 23 25 27 26
0 3 1 2 7 4 5 6 9 8 11 12 13 10 17 14 15 16 19 20 18 22 21 24 25 23 27 26
2 0 1 3 6 4 7 5 9 10 8 12 13 14 11 18 17 15 16 21 19 20 23 22 25 26 27 24
1 0 2 4 3 5 7 6 9 10 8 11 13 12 17 14 15 16 19 20 18 22 21 23 24 25 26 27
0 1 3 2 5 7 4 6 9 11 8 10 12 14 13 16 15 20 19 17 18 23 24 22 21 26 27 25
2 0 1 3 5 6 7 4 9 11 8 10 14 12 13 16 18 15 17 19 20 22 21 23 25 26 24 27
2 0 1 4 3 7 5 6 9 11 8 10 13 12 14 16 15 20 19 17 18 23 21 22 27 26 24 25
0 1 3 4 2 6 5 7 9 8 10 14 13 11 12 16 15 17 21 20 18 19 23 22 26 24 25 27
1 2 0 5 3 4 7 6 8 10 11 12 9 14 13 17 15 16 19 20 18 22 21 24 26 23 25 27
2 0 3 1 6 4 5 8 7 10 9 11 13 12 14 16 17 15 18 20 21 19 23 22 24 26 27 25
0 1 5 2 3 4 7 6 8 11 9 10 13 12 16 14 17 15 21 20 18 19 22 24 23 26 25 27
2 0 1 3 4 6 5 9 10 8 7 12 11 13 14 16 15 18 17 20 19 23 21 22 26 24 27 25
3 2 0 1 6 4 5 8 10 7 9 11 13 14 12 17 15 18 16 19 21 20 22 24 25 23 27 26
1 0 3 4 5 2 7 8 6 10 9 12 13 11 16 14 15 18 19 17 21 20 25 24 22 23 27 26
3 0 1 2 4 6 7 5 8 9 10 14 11 12 13 17 15 16 20 21 19 18 23 24 25 22 26 27
1 0 3 4 5 2 7 6 8 10 9 11 15 14 12 13 18 16 17 21 19 22 20 25 23 24 27 26
1 2 0 4 3 6 7 8 5 10 11 9 13 14 12 17 15 16 19 20 18 21 25 22 23 24 27 26
2 0 1 3 5 4 7 6 9 8 12 10 13 11 14 15 16 18 20 17 19 23 24 22 21 25 26 27
3 2 0 1 4 6 7 5 9 8 12 13 11 10 15 14 18 19 17 16 21 20 22 24 25 23 27 26
3 2 0 1 5 4 9 6 7 8 12 10 11 14 15 13 16 19 17 18 22 20 23 21 25 24 27 26
1 0 3 2 5 4 6 7 8 10 9 12 11 15 13 14 16 18 17 22 21 19 20 26 23 24 25 27
1 0 3 4 2 5 7 6 8 9 10 13 11 12 14 17 15 16 20 18 19 23 21 24 22 25 26 27
0 4 3 1 2 6 7 8 5 10 11 9 12 15 16 14 13 18 17 20 19 21 23 22 24 25 26 27
0 2 1 6 3 4 5 7 9 8 11 10 14 12 13 17 15 18 16 19 20 22 23 21 25 26 24 27
1 0 3 2 5 4 7 6 9 10 8 14 13 11 12 15 17 16 19 20 21 18 23 24 25 22 27 26
1 0 2 5 3 6 4 8 7 10 12 9 11 14 13 15 16 18 19 17 22 20 21 24 25 26 23 27
3 2 0 1 7 6 4 5 8 10 9 11 13 14 12 15 17 16 18 19 22 20 23 21 25 26 24 27
0 1 4 2 5 3 9 6 7 8 11 12 10 14 13 15 17 16 19 20 18 23 21 22 26 24 25 27
2 0 1 3 4 7 8 6 5 9 10 12 11 15 13 14 17 16 18 19 22 20 21 24 25 23 27 26
1 0 4 2 3 7 5 8 6 10 11 9 13 12 15 16 14 18 19 20 17 22 21 23 24 27 25 26
1 2 3 0 5 4 7 6 9 8 11 13 10 12 15 16 14 20 19 17 18 22 24 21 23 25 27 26
2 0 1 4 3 5 7 6 9 8 11 12 13 10 16 14 15 17 19 18 20 22 23 21 26 24 27 25
0 2 4 1 3 7 5 8 6 10 11 9 13 14 12 16 17 18 15 21 19 22 20 24 25 23 26 27
2 0 1 4 3 5 8 6 7 9 10 12 11 14 15 13 18 16 17 20 19 22 21 26 23 24 25 27
1 0 3 2 4 6 5 8 9 7 11 10 14 12 13 16 17 15 19 20 18 22 23 21 25 24 26 27
3 2 0 1 5 4 9 6 7 8 11 10 13 12 15 14 16 19 17 18 21 20 24 25 23 22 26 27
1 0 2 4 5 6 3 9 7 8 13 12 10 11 17 14 15 16 19 20 18 23 24 22 21 26 25 27
2 3 1 0 5 4 8 9 7 6 11 10 13 12 14 16 15 18 17 21 19 22 20 24 25 23 26 27
1 2 3 0 5 4 7 6 10 8 11 9 13 12 16 14 15 17 21 20 18 19 24 22 23 25 27 26
1 0 3 4 2 6 5 8 7 10 9 12 11 15 13 14 17 18 16 19 21 22 20 23 24 25 26 27
1 2 0 4 3 5 7 8 9 6 11 10 12 15 13 14 17 16 19 18 22 20 23 21 25 24 26 27
0 3 1 2 6 4 5 8 7 10 9 11 12 14 15 13 17 16 19 21 18 20 23 22 27 24 25 26
1 0 3 2 5 6 4 7 9 11 8 10 13 14 12 16 15 18 19 17 20 23 21 22 24 26 27 25
0 3 4 2 1 6 8 5 7 10 9 12 11 14 16 13 15 18 19 17 20 21 23 24 22 27 25 26
0 1 2 3 5 4 6 9 7 8 11 10 13 14 12 16 18 15 17 20 19 22 21 24 23 26 25 27
1 0 2 5 3 4 7 6 9 11 8 10 14 12 13 17 15 16 18 20 19 21 22 24 23 26 25 27
1 2 0 4 3 8 7 5 6 10 9 12 13 11 15 16 17 14 20 18 19 22 23 21 24 26 25 27
3 2 0 1 6 7 5 4 9 10 8 12 11 14 16 13 15 18 19 20 17 21 23 22 26 24 27 25
2 0 3 1 6 7 5 4 9 8 10 12 11 14 13 18 15 16 17 19 21 22 23 20 25 26 24 27
0 3 1 4 2 5 6 8 10 7 9 11 14 12 13 15 17 16 19 20 21 18 23 22 25 24 26 27
1 0 3 2 6 4 7 5 9 8 13 10 11 12 17 14 15 16 18 22 21 19 20 24 25 23 26 27
1 0 3 2 4 6 5 8 7 9 10 12 13 14 11 16 17 15 19 18 21 20 24 22 23 25 27 26
0 2 1 3 5 6 7 4 9 11 8 10 13 14 12 16 17 18 15 20 21 22 19 24 23 26 27 25
1 0 3 4 2 6 7 8 5 12 11 9 10 16 15 13 14 18 17 19 20 22 21 24 23 25 27 26
1 0 3 5 2 4 7 8 9 6 11 10 12 15 13 14 18 16 17 20 19 22 21 23 25 27 24 26
1 0 2 5 3 4 7 6 9 10 11 8 12 14 13 16 17 18 15 20 21 19 23 22 25 26 24 27
0 2 1 4 5 3 7 9 6 8 11 10 13 14 12 16 18 15 17 20 19 22 23 24 21 25 27 26
0 3 1 4 2 5 6 8 9 7 11 10 14 15 13 12 18 19 17 16 20 21 23 22 26 24 25 27
1 2 0 3 4 5 7 6 10 8 9 12 11 14 15 16 13 19 17 20 18 22 21 24 25 23 26 27
1 0 2 4 5 3 9 8 6 7 11 10 13 12 15 17 14 16 19 20 18 23 21 24 22 26 25 27
0 1 3 2 6 4 5 8 7 10 9 12 11 16 13 14 15 18 17 21 19 20 23 22 24 25 26 27
1 0 3 2 4 7 5 6 11 8 9 10 14 12 13 17 15 16 21 18 19 20 22 25 23 24 27 26
1 0 2 6 3 4 5 7 8 11 9 12 10 14 13 16 17 15 20 21 19 18 22 25 23 24 27 26
1 3 0 2 5 4 7 6 10 8 9 13 11 14 12 16 18 15 17 21 19 22 20 24 23 25 26 27
1 2 3 0 5 6 4 8 7 10 11 9 13 12 15 16 17 14 18 20 19 22 23 21 24 26 27 25
3 0 1 2 4 6 5 8 9 7 10 12 13 11 14 17 15 16 18 21 22 20 19 23 25 27 24 26
1 0 3 2 6 4 7 5 10 8 11 9 12 14 13 16 15 19 20 18 17 22 23 21 26 24 25 27
3 0 1 2 5 4 7 6 8 9 12 10 11 14 16 13 15 19 17 20 18 21 23 22 26 24 27 25
0 4 3 1 2 6 8 5 7 12 9 10 11 14 15 13 19 18 16 17 21 20 22 24 23 26 25 27
0 3 1 2 7 4 5 6 9 10 11 8 12 15 13 14 16 19 17 18 20 21 24 22 23 26 27 25
2 0 1 5 3 4 7 9 6 8 11 12 10 14 15 13 17 16 19 20 18 23 21 22 24 26 25 27
2 3 1 0 6 4 7 5 9 10 8 13 14 12 11 16 15 17 19 18 22 20 21 24 23 26 25 27
2 0 1 4 3 6 7 5 11 10 8 9 12 14 13 16 17 15 19 21 18 20 23 22 26 27 25 24
1 3 0 2 7 6 4 5 10 8 9 12 13 11 14 15 17 18 16 19 21 22 20 24 23 26 25 27
1 3 0 2 5 6 4 8 7 10 11 9 15 14 12 13 17 16 18 20 19 22 23 21 25 26 24 27
0 2 1 3 5 4 9 6 7 8 10 12 11 15 13 16 14 18 19 17 20 24 21 22 23 25 27 26
0 2 1 4 5 6 3 8 7 11 9 10 14 12 13 17 15 16 19 21 18 20 23 24 25 22 26 27
0 1 3 2 6 7 5 4 10 11 9 8 14 15 13 12 17 16 18 21 19 20 23 24 22 25 26 27
2 0 1 4 3 7 5 6 9 10 11 8 15 12 13 14 16 18 17 19 21 20 23 24 22 27 25 26
3 0 1 2 5 6 7 4 9 11 8 10 12 14 13 17 15 18 16 19 23 22 20 21 25 26 24 27
2 0 1 4 5 6 3 10 7 8 9 12 11 15 13 14 17 18 16 20 19 21 22 24 23 27 25 26
0 2 1 4 5 6 3 7 9 10 11 8 13 15 12 14 16 19 17 18 23 20 21 22 27 26 24 25
3 0 1 2 7 6 4 5 9 10 11 8 14 12 15 13 18 16 17 19 23 20 21 22 26 24 25 27
1 0 5 4 2 3 8 6 9 7 12 10 11 14 15 13 16 18 17 20 21 19 22 24 25 23 27 26
1 0 3 2 5 7 4 6 8 9 10 13 11 12 15 14 17 18 16 20 22 19 21 24 23 27 25 26
1 2 0 3 5 6 4 8 7 10 11 9 13 12 17 14 15 16 18 21 19 20 22 24 25 23 26 27
3 2 0 1 5 4 6 9 7 8 13 10 11 12 15 14 17 16 18 22 19 20 21 23 24 26 25 27
2 0 3 1 6 7 5 4 10 8 9 12 13 14 11 15 18 16 17 22 21 19 20 25 23 24 26 27
1 2 0 3 5 6 4 7 9 10 8 12 11 16 13 14 15 18 17 20 21 19 24 22 23 25 27 26
0 2 1 5 3 4 7 6 10 8 9 11 13 15 12 14 18 19 17 16 22 20 21 24 25 23 27 26
0 4 3 1 2 6 5 9 7 10 8 12 11 13 16 14 15 18 20 17 19 22 21 23 25 24 27 26
1 2 0 4 3 6 7 5 10 8 9 13 14 12 11 15 18 16 17 19 21 22 20 24 23 26 27 25
0 1 2 3 4 5 9 6 7 8 11 10 12 13 15 14 17 18 16 19 21 22 20 23 24 25 26 27
1 0 2 4 5 3 7 8 6 11 9 10 13 14 12 16 17 18 15 21 19 22 20 26 25 23 24 27
0 2 1 4 5 3 7 8 6 11 9 10 14 12 13 16 15 18 17 20 21 22 19 24 23 26 27 25
0 2 4 1 3 6 5 8 7 11 9 10 13 14 12 16 17 18 15 20 19 22 21 24 23 25 27 26
1 0 3 2 5 4 6 7 10 8 9 11 12 13 17 16 14 15 20 18 19 22 21 23 24 26 25 27
2 0 3 1 6 4 5 8 7 10 11 9 12 14 13 18 17 15 16 19 21 20 24 25 23 22 27 26
0 4 1 2 3 6 5 8 7 10 11 9 12 14 15 16 13 17 19 18 21 20 23 24 22 27 25 26
1 2 0 4 5 6 3 8 9 7 11 10 14 12 13 16 17 15 18 19 22 20 21 24 23 27 25 26
1 0 2 4 3 5 8 9 7 6 11 10 13 12 16 14 15 19 17 18 21 20 22 25 23 26 24 27
3 2 0 1 4 6 5 7 9 8 11 10 13 12 15 14 16 17 19 20 21 18 22 24 23 26 25 27
2 0 3 1 6 4 5 10 7 8 9 11 13 12 16 17 15 14 20 18 19 22 21 24 23 25 26 27
0 1 4 2 3 7 5 6 9 8 11 10 13 12 14 16 15 19 17 18 21 20 23 24 22 25 26 27
3 2 0 1 5 4 6 7 11 10 8 9 12 13 15 16 17 14 18 20 19 22 21 24 23 26 27 25
1 2 0 3 5 6 4 8 7 10 11 12 9 14 15 13 16 18 17 20 19 21 23 22 24 26 25 27
1 2 0 5 6 4 3 7 8 9 12 10 11 13 14 17 15 18 16 20 19 22 23 21 25 24 27 26
3 0 1 2 5 6 4 8 7 9 11 12 13 10 15 14 17 16 18 19 22 23 21 20 25 24 26 27
1 0 4 2 3 5 7 6 9 10 11 8 14 12 13 15 16 19 17 20 18 22 23 21 26 24 25 27
0 3 1 2 6 4 7 5 11 10 8 9 14 12 13 16 17 15 20 18 19 21 23 24 22 26 25 27
2 3 1 0 5 4 6 8 9 7 11 10 12 14 13 15 18 16 17 20 19 24 21 22 23 26 25 27
0 4 3 1 2 8 7 5 6 10 9 11 14 12 13 15 19 16 17 18 20 22 23 21 26 27 25 24
2 0 1 3 4 7 8 6 5 10 11 9 13 12 16 17 15 14 18 19 21 20 23 22 26 24 25 27
0 4 1 2 3 7 5 6 9 10 8 12 13 14 11 16 17 15 18 21 19 22 20 25 23 24 27 26
2 0 1 4 5 6 3 7 8 11 9 10 13 14 12 16 15 18 17 19 21 22 20 25 23 24 27 26
3 0 1 2 5 6 4 8 9 7 11 12 10 14 15 13 16 18 19 17 22 20 21 25 23 24 26 27
2 0 1 5 6 4 3 8 7 10 11 9 14 12 13 16 15 19 17 18 20 21 23 24 22 26 25 27
1 2 0 5 3 4 9 6 7 8 10 12 11 13 14 15 19 16 17 18 21 20 23 24 22 27 25 26
0 1 3 2 5 4 7 6 11 10 8 9 13 12 17 16 14 15 19 20 18 22 23 24 21 25 27 26
1 2 0 4 5 3 7 8 6 12 9 10 11 14 16 13 15 19 17 20 18 24 21 22 23 27 25 26
3 2 0 1 5 4 6 9 7 10 8 13 11 12 17 14 15 16 20 18 21 19 24 22 23 25 26 27
1 0 2 3 4 6 7 5 9 8 13 10 11 12 15 14 17 18 16 20 19 22 21 24 23 27 25 26
1 0 2 4 5 3 6 8 7 10 9 13 11 14 12 18 15 16 17 19 22 23 21 20 26 24 27 25
2 0 1 4 6 3 5 8 9 10 7 12 11 15 13 14 17 16 19 18 20 24 23 21 22 25 27 26
0 2 1 3 5 7 4 6 8 9 10 12 13 11 14 16 17 15 19 18 22 20 23 21 26 24 27 25
2 0 3 1 5 4 6 10 9 7 8 13 11 12 15 17 14 16 19 20 18 23 21 24 22 25 27 26
1 2 0 4 5 3 8 9 7 6 11 10 15 12 13 14 17 18 19 16 21 20 23 24 22 26 25 27
2 0 3 1 6 7 5 4 9 8 11 10 14 12 15 13 19 16 17 18 21 20 23 25 22 24 27 26
1 2 0 3 4 8 5 6 7 10 11 9 12 14 16 13 15 18 17 21 19 22 20 23 27 26 24 25
1 2 0 4 5 3 7 6 8 10 11 9 15 14 12 13 16 18 19 20 17 21 25 24 22 23 26 27
1 0 3 2 7 6 4 5 8 11 12 10 9 13 14 16 18 15 17 20 19 24 23 21 22 25 26 27
0 2 3 1 4 6 5 7 9 10 11 8 13 12 15 14 17 16 18 20 19 23 21 22 27 26 24 25
2 0 1 3 5 4 6 8 9 7 11 12 13 10 15 17 14 16 19 18 21 20 23 22 25 26 24 27
0 2 1 3 5 4 7 6 9 10 11 8 13 12 15 17 14 16 18 21 19 20 23 24 22 26 25 27
1 2 0 5 6 4 3 9 7 10 8 12 11 14 15 16 13 20 17 18 19 22 23 21 24 27 25 26
1 2 0 3 4 5 8 6 7 10 11 9 13 14 15 12 17 19 16 18 22 20 23 21 25 24 27 26
1 0 3 2 6 4 5 8 7 9 11 10 13 14 15 12 18 16 17 21 19 20 23 24 22 26 25 27
2 3 1 0 4 6 7 8 5 10 11 9 13 12 15 14 17 16 18 21 22 20 19 24 25 23 27 26
1 0 2 5 3 4 9 8 6 7 12 13 11 10 15 14 17 16 20 18 21 19 23 24 25 22 26 27
1 0 2 4 5 3 7 8 9 6 11 12 10 13 14 15 17 16 20 18 19 21 22 24 25 23 26 27
0 1 2 6 3 4 5 8 7 12 9 10 11 13 15 16 14 19 17 18 22 20 21 25 23 26 24 27
0 1 3 2 5 6 4 8 7 11 9 10 13 14 12 16 17 15 19 20 21 18 25 24 22 23 27 26
1 0 5 4 2 3 8 6 9 7 11 10 13 14 15 12 17 16 18 19 20 23 21 22 26 27 25 24
2 0 1 4 5 3 6 8 7 10 9 12 11 14 13 16 17 18 15 21 19 22 20 23 24 25 26 27
1 0 3 2 6 4 5 7 8 10 9 12 13 11 16 14 15 18 17 21 19 20 24 22 23 26 25 27
1 2 3 0 4 8 7 5 6 10 11 9 13 14 12 17 15 16 18 20 19 22 21 23 25 26 24 27
2 0 1 5 6 4 3 9 7 8 11 10 13 12 15 14 18 19 17 16 21 20 23 22 25 24 26 27
1 0 3 2 4 6 5 8 7 10 11 9 13 14 12 16 15 18 20 17 19 22 21 26 25 23 24 27
1 0 4 2 3 5 6 7 9 10 8 12 11 13 14 17 18 16 15 19 22 20 23 21 25 24 27 26
1 2 0 5 3 4 7 6 9 10 8 11 12 13 15 16 14 18 17 20 19 23 24 22 21 27 25 26
2 0 3 1 5 6 4 10 7 8 9 12 13 11 15 14 16 18 19 17 23 20 21 22 25 24 26 27
1 2 0 5 3 4 9 6 7 8 11 10 12 13 14 16 15 17 18 20 19 21 22 23 25 26 24 27
3 0 1 2 6 4 7 5 11 8 9 10 12 13 14 15 19 16 17 18 21 20 22 25 23 24 27 26
3 2 0 1 4 6 5 8 7 9 11 10 13 14 15 12 17 16 19 18 22 23 21 20 27 24 25 26
2 0 1 3 4 6 5 7 9 8 12 10 11 14 13 17 18 16 15 21 19 20 22 24 23 26 25 27
1 2 3 0 4 5 7 6 10 8 9 11 12 14 16 13 15 19 17 18 20 21 23 22 25 26 24 27
0 3 1 2 5 4 7 6 10 8 11 9 13 12 14 17 18 16 15 21 19 20 22 25 23 26 24 27
1 2 0 4 3 8 5 6 7 11 9 12 10 14 13 16 15 18 19 17 20 22 23 21 24 27 25 26
1 0 5 4 2 3 7 8 6 10 11 9 13 12 15 14 17 18 19 16 21 20 24 25 23 22 27 26
2 0 1 4 5 3 6 8 10 7 9 11 13 12 16 17 15 14 20 18 19 21 23 24 25 22 27 26
2 0 1 5 3 4 7 6 9 8 10 12 13 14 11 16 17 15 19 20 18 22 21 25 23 26 24 27
1 3 0 2 7 6 4 5 10 8 9 12 11 14 13 15 17 16 19 18 21 20 23 22 24 25 27 26
1 2 0 5 3 4 8 6 7 9 11 10 12 13 15 16 14 19 17 18 22 20 23 21 25 24 27 26
3 2 0 1 6 7 5 4 10 8 9 12 13 11 15 14 17 16 21 18 19 20 22 24 23 26 25 27
3 2 0 1 5 4 7 6 9 10 8 13 11 14 12 17 15 16 19 20 18 23 24 22 21 25 26 27
1 0 2 5 6 4 3 8 7 10 11 12 9 13 16 14 15 19 20 18 17 24 21 22 23 25 26 27
1 2 0 4 5 3 8 6 7 10 12 9 11 15 13 14 17 16 19 20 18 22 23 24 21 25 27 26
1 0 4 2 3 6 5 9 10 8 7 14 13 11 12 18 17 15 16 19 21 20 22 23 26 24 25 27
2 0 1 4 3 5 8 6 7 10 11 9 13 14 15 12 18 16 19 17 21 20 23 22 27 24 25 26
2 0 1 5 3 6 4 8 9 10 7 12 11 14 16 13 15 18 19 20 17 22 23 21 25 24 27 26
0 3 1 2 4 5 7 8 6 10 9 12 13 14 11 15 16 18 17 19 22 20 21 24 23 27 25 26
1 0 5 4 2 3 6 8 7 11 9 10 13 12 14 16 17 15 19 20 18 22 21 24 23 25 27 26
0 4 3 1 2 6 5 8 10 7 9 12 13 11 15 16 17 14 19 20 18 24 23 21 22 25 27 26
1 0 4 2 3 7 8 6 5 10 9 12 11 15 13 14 16 18 19 17 21 20 23 24 22 26 25 27
1 3 0 2 6 4 5 8 7 10 11 9 12 14 13 16 15 17 21 18 19 20 23 22 24 25 26 27
0 2 1 4 3 5 6 7 9 8 11 10 13 15 12 14 16 18 17 21 22 20 19 24 25 23 27 26
1 2 3 0 6 7 5 4 9 10 8 11 13 14 12 17 18 16 15 21 19 20 23 22 24 26 25 27
0 2 1 5 3 6 4 7 9 8 11 10 14 12 13 15 17 16 19 20 18 21 24 22 23 26 25 27
1 0 3 5 2 4 7 8 6 12 11 9 10 13 16 14 17 15 19 18 21 22 20 25 23 24 27 26
1 2 3 0 5 4 8 6 7 9 10 12 11 16 13 14 15 18 19 20 17 22 23 21 25 24 27 26
2 3 1 0 7 4 5 6 9 10 8 14 11 12 13 16 17 15 19 20 21 18 23 22 25 24 27 26
1 0 3 2 5 6 4 8 7 10 9 12 13 11 16 14 15 18 19 17 20 21 22 25 23 24 27 26
0 2 1 4 5 3 7 6 8 11 9 10 13 12 15 14 19 18 16 17 20 22 21 25 23 24 27 26
0 3 1 4 2 6 7 5 8 10 9 12 13 11 16 14 15 18 19 17 21 22 20 24 23 25 27 26
1 2 0 4 5 3 7 9 6 8 11 13 10 12 15 16 17 14 20 18 19 22 23 24 21 26 27 25
1 0 4 2 3 6 5 7 8 11 9 10 13 14 12 16 15 17 20 21 19 18 23 22 25 24 26 27
0 2 3 1 5 4 8 6 7 9 11 13 10 12 16 17 15 14 18 21 19 20 24 22 25 23 26 27
1 0 2 4 3 5 7 8 9 6 12 10 13 11 14 16 18 15 17 20 22 19 21 24 23 25 27 26
1 2 0 4 6 3 5 10 9 7 8 13 14 12 11 16 15 17 18 21 19 20 25 24 22 23 26 27
0 4 1 2 3 6 5 7 8 9 13 12 10 11 15 16 14 18 17 19 22 20 21 23 27 26 24 25
1 0 4 5 3 2 7 6 9 11 8 10 14 12 15 13 16 18 20 17 19 23 21 24 22 26 27 25
2 3 1 0 5 7 4 6 8 10 12 9 11 14 13 16 15 19 17 18 23 20 21 22 26 27 25 24
1 0 3 2 5 4 6 7 8 10 11 9 14 15 13 12 18 16 17 20 21 22 19 23 25 24 26 27
0 2 1 5 3 4 6 8 7 10 11 12 9 15 13 16 14 18 20 17 19 21 23 22 24 26 25 27
3 0 1 2 7 4 5 6 8 10 9 14 13 11 12 16 15 18 19 20 17 23 21 22 25 26 24 27
2 0 1 5 3 4 7 6 9 8 10 12 14 11 13 17 15 16 20 21 19 18 24 22 23 26 27 25
2 0 1 3 5 4 8 9 7 6 12 10 11 14 13 16 15 17 19 20 18 21 24 22 25 23 27 26
0 2 1 4 5 3 7 6 9 8 12 10 11 15 16 14 13 19 20 18 17 21 23 22 24 26 25 27
0 1 2 5 3 6 4 8 9 7 11 13 10 12 14 15 18 16 19 17 21 22 20 24 23 26 27 25
1 0 4 5 3 2 6 8 7 10 9 12 13 11 16 14 15 19 17 18 21 23 20 22 24 26 25 27
0 2 1 5 3 4 6 9 10 8 7 12 11 16 15 13 14 18 17 20 19 22 21 23 26 24 27 25
1 0 5 4 2 3 8 6 7 12 9 10 11 14 16 13 15 17 20 21 19 18 23 24 22 26 25 27
0 1 4 2 3 7 5 6 9 8 12 10 11 14 16 13 15 17 18 22 21 19 20 26 25 23 24 27
2 0 3 1 5 4 8 9 7 6 13 10 11 12 14 17 15 16 19 18 20 22 23 24 21 26 25 27
2 0 1 4 3 5 9 6 7 8 12 10 11 13 15 16 14 18 17 19 22 20 21 24 23 26 25 27
0 4 1 2 3 5 7 8 6 11 9 10 13 14 12 16 15 18 17 21 19 20 22 26 25 23 24 27
1 0 4 5 3 2 7 6 9 8 11 13 10 12 14 16 15 18 17 19 21 20 25 22 23 24 26 27
1 0 4 2 3 7 5 6 10 8 11 9 13 12 15 16 14 19 17 18 21 23 20 22 25 26 24 27
2 3 1 0 5 7 4 6 9 8 11 12 10 14 13 17 18 16 15 19 21 20 23 22 25 24 26 27
1 3 0 2 5 4 9 6 7 8 11 10 13 12 15 17 14 16 20 18 21 19 23 24 22 26 27 25
1 0 5 2 3 4 8 6 7 9 11 12 10 14 15 16 13 18 20 17 19 22 21 24 25 23 26 27
0 2 3 1 6 4 5 9 7 10 8 12 11 14 13 15 16 19 17 18 21 20 24 25 23 22 26 27
1 3 0 2 6 4 5 7 8 11 9 10 15 12 13 14 18 16 19 17 22 23 21 20 26 24 27 25
1 0 3 4 2 7 5 6 10 8 11 9 12 14 15 13 17 16 20 18 19 21 23 22 25 26 24 27
1 0 2 6 3 4 5 10 7 8 9 14 13 11 12 15 17 16 21 18 19 20 25 24 22 23 26 27
0 1 3 2 5 4 8 9 7 6 12 13 11 10 14 16 15 17 19 20 18 21 22 24 23 27 25 26
0 4 3 1 2 5 7 6 9 8 10 14 11 12 13 16 15 17 19 18 21 20 23 22 26 24 25 27
0 4 1 2 3 6 5 9 7 10 8 11 12 13 14 18 17 15 16 20 19 22 21 25 23 24 27 26
0 2 1 4 3 6 5 9 7 8 10 11 13 12 15 14 18 16 17 21 19 20 23 22 26 24 25 27
2 3 1 0 6 4 5 8 7 9 11 10 13 14 12 16 15 18 17 21 19 20 22 23 25 24 26 27
3 0 1 2 6 7 5 4 8 11 9 10 12 15 13 14 17 16 18 21 22 20 19 23 26 24 25 27
1 0 3 4 2 7 8 6 5 12 11 9 10 15 13 14 17 16 18 20 22 19 21 23 26 27 25 24
0 2 1 5 3 6 4 8 7 9 11 10 13 12 15 14 17 18 16 21 19 22 20 24 25 23 26 27
1 2 0 3 4 7 5 6 8 10 9 12 13 11 15 16 14 18 19 20 17 22 24 21 23 26 25 27
1 0 2 4 5 3 9 6 7 8 11 12 10 15 13 14 19 16 17 18 23 20 21 22 25 26 27 24
1 0 3 2 5 4 6 8 9 7 10 12 11 14 15 13 17 18 16 20 19 22 21 24 25 23 27 26
0 2 3 4 1 7 5 8 6 10 11 12 9 15 16 14 13 18 19 17 21 20 25 24 22 23 27 26
0 2 4 1 3 5 8 6 7 9 11 13 10 12 15 14 17 16 19 20 21 18 23 24 22 25 27 26
1 0 2 5 6 4 3 8 9 7 12 10 11 14 13 16 17 15 18 20 21 19 25 22 23 24 27 26
1 0 3 5 2 4 9 8 6 7 11 10 13 14 15 12 17 18 16 19 21 22 23 20 25 27 24 26
1 2 0 3 6 4 5 7 10 8 9 12 11 16 15 13 14 19 17 18 22 20 21 26 23 24 25 27
2 0 1 3 4 6 8 5 7 10 9 13 11 14 12 17 18 16 15 19 21 20 23 22 25 24 26 27
1 0 4 5 3 2 7 6 10 8 9 11 13 14 15 12 19 18 16 17 21 20 24 25 23 22 26 27
0 2 1 4 5 3 7 6 10 8 9 13 11 12 15 16 14 18 19 17 21 22 20 24 23 25 26 27
1 0 5 2 3 4 7 9 6 8 11 12 10 13 14 15 17 18 16 19 21 22 20 23 26 24 25 27
1 0 3 4 2 6 5 9 10 8 7 12 13 11 16 17 15 14 19 20 18 22 21 24 23 26 25 27
2 0 1 4 3 8 7 5 6 11 12 10 9 15 13 14 18 16 17 19 21 23 20 22 25 24 26 27
0 1 2 4 3 7 5 6 9 10 8 13 11 12 17 16 14 15 19 20 18 21 23 22 25 26 24 27
0 3 1 2 6 4 5 9 10 8 7 12 11 15 13 14 17 16 18 21 22 20 19 25 26 24 23 27
1 0 3 2 5 4 7 6 8 11 9 12 10 13 15 14 16 17 20 18 21 19 22 23 26 24 27 25
2 0 1 3 7 4 5 6 9 8 10 11 13 12 15 16 14 18 19 17 21 22 20 25 23 24 27 26
2 0 1 4 6 3 5 9 7 8 12 10 11 14 15 13 18 19 17 16 22 23 21 20 25 26 24 27
0 2 1 4 5 3 8 6 7 9 12 10 11 15 13 14 16 19 17 20 18 21 23 24 22 26 27 25
0 2 1 3 7 4 5 6 9 8 11 10 14 12 13 15 17 18 16 20 19 23 21 22 26 27 25 24
1 0 4 2 3 8 7 5 6 10 11 9 12 13 14 16 17 15 20 21 19 18 22 24 26 23 25 27
1 2 0 4 5 3 7 6 8 10 11 9 13 14 12 15 16 18 17 19 22 23 21 20 26 24 25 27
2 0 3 1 5 6 4 10 9 7 8 12 11 13 15 14 18 16 19 17 22 20 23 21 25 24 27 26
0 2 1 3 4 5 6 10 7 8 9 13 14 12 11 16 18 15 17 20 19 22 21 24 25 23 26 27
1 0 2 5 3 4 6 7 10 8 9 12 13 11 15 14 17 16 20 18 19 22 21 24 25 23 26 27
1 0 3 4 2 6 7 5 9 8 11 10 14 15 13 12 18 16 19 17 21 20 23 22 25 24 27 26
3 0 1 2 6 4 7 5 10 8 9 14 11 12 13 17 15 18 16 22 19 20 21 25 23 24 27 26
2 0 1 4 5 3 8 6 7 10 9 13 11 12 15 17 14 16 19 20 18 21 23 22 24 26 27 25
1 2 3 0 6 7 5 4 11 10 8 9 15 12 13 14 19 18 16 17 23 22 20 21 25 24 26 27
2 0 1 3 5 6 4 7 9 10 8 14 13 11 12 17 18 16 15 19 21 22 20 23 25 26 24 27
1 2 0 3 5 4 8 6 7 10 11 9 13 12 15 14 16 18 20 17 19 22 21 24 25 26 23 27
3 0 1 2 6 4 7 5 9 8 12 10 11 13 15 16 14 17 20 21 19 18 24 22 23 26 25 27
1 0 3 2 6 4 5 7 9 11 8 10 13 12 15 16 17 14 18 20 21 19 23 22 24 25 27 26
2 0 1 4 6 3 5 8 9 7 12 13 11 10 17 16 14 15 21 18 19 20 23 22 27 26 24 25
1 0 5 2 3 4 7 6 9 11 8 10 14 12 13 15 16 18 17 19 21 20 25 24 22 23 27 26
0 1 4 2 5 3 9 8 6 7 12 10 11 14 16 13 15 18 19 20 17 24 23 21 22 27 25 26
1 0 3 2 4 6 5 8 7 9 12 10 11 14 15 13 17 16 19 18 21 23 20 22 24 27 25 26
2 0 1 4 5 3 8 6 7 10 11 12 9 15 13 16 14 17 19 21 18 20 23 24 25 22 27 26
1 0 3 4 5 2 6 7 10 11 9 8 13 14 12 16 15 19 17 20 18 23 24 22 21 26 25 27
1 0 4 5 3 2 6 9 7 8 10 12 11 14 15 13 18 19 17 16 20 21 23 22 24 25 27 26
1 2 0 3 5 7 4 6 10 8 11 9 14 12 13 16 17 18 15 20 22 19 21 24 23 27 25 26
1 2 3 0 4 8 7 5 6 11 9 10 13 12 15 16 14 18 17 20 19 23 21 24 22 26 25 27
1 0 3 2 5 6 4 7 8 12 11 9 10 13 14 18 17 15 16 20 19 22 21 23 25 24 27 26
3 2 0 1 5 4 8 9 7 6 13 10 11 12 14 15 17 18 19 16 23 22 20 21 24 25 26 27
0 2 1 4 5 3 8 6 7 11 9 12 10 14 13 16 17 18 15 19 21 20 25 24 22 23 27 26
0 3 1 2 5 6 7 4 8 10 9 11 13 14 12 18 15 16 17 20 19 22 21 24 25 26 23 27
2 0 1 4 5 3 7 6 11 10 8 9 13 12 14 15 18 16 17 19 20 23 21 22 25 24 26 27
2 0 1 6 5 3 4 7 9 10 8 13 14 12 11 16 17 15 18 21 19 22 20 24 23 27 25 26
0 2 3 1 5 4 7 6 8 10 9 13 11 12 14 15 17 16 20 18 19 21 25 22 23 24 26 27
2 0 1 5 6 4 3 7 8 12 9 10 11 14 13 17 18 16 15 19 23 22 20 21 25 26 24 27
3 2 0 1 5 4 7 8 6 11 12 10 9 14 13 16 17 15 19 18 23 20 21 22 24 25 26 27
1 0 3 4 2 6 7 8 5 9 12 10 13 11 15 14 18 16 17 22 19 20 21 24 23 25 27 26
1 0 3 2 6 7 5 4 8 11 12 10 9 14 15 16 13 17 19 18 22 23 21 20 26 24 27 25
2 0 1 4 3 7 8 6 5 12 9 10 11 14 15 13 16 18 19 17 22 20 21 25 23 26 24 27
2 3 1 0 4 5 6 9 7 8 11 10 12 16 15 13 14 18 20 17 19 23 21 22 25 24 27 26
0 2 3 1 6 7 5 4 10 8 9 11 13 12 16 14 17 15 19 20 18 21 23 22 26 24 25 27
3 2 0 1 6 4 5 9 10 8 7 11 13 14 15 12 17 16 19 21 18 20 25 24 22 23 27 26
0 3 1 4 2 6 7 5 9 8 11 10 13 15 12 14 17 18 16 19 21 22 20 24 25 23 27 26
1 2 0 4 3 6 5 9 7 8 12 10 13 11 14 16 15 18 17 22 19 20 21 24 23 26 25 27
3 0 1 2 5 6 4 7 8 12 11 9 10 15 13 16 14 18 19 17 23 20 21 22 25 24 26 27
1 0 2 3 6 4 5 8 9 10 7 12 13 14 11 17 15 16 18 20 21 19 23 22 26 27 25 24
1 2 0 4 3 8 7 5 6 10 11 12 9 13 15 14 16 19 17 20 18 22 23 21 26 24 25 27
2 0 1 5 3 4 8 6 9 7 12 10 11 14 15 13 17 16 20 18 19 22 23 21 25 26 24 27
1 3 0 2 5 6 4 7 10 8 9 14 13 11 12 17 15 16 18 22 21 19 20 24 23 26 25 27
1 0 3 2 6 7 5 4 8 12 9 10 11 14 15 13 17 18 16 19 21 20 24 25 23 22 26 27
2 0 1 4 3 5 6 8 9 7 12 10 11 14 15 13 17 16 18 20 22 19 21 25 23 24 26 27
0 1 2 4 5 6 3 9 7 8 11 10 12 13 15 14 19 16 17 18 22 20 21 23 25 24 26 27
1 0 4 5 3 2 7 6 9 8 11 10 12 15 13 14 17 18 19 16 20 23 24 22 21 25 26 27
1 0 4 2 5 3 7 6 8 11 9 10 15 14 12 13 18 16 17 20 22 19 21 24 25 26 23 27
1 0 2 6 5 3 4 9 10 8 7 13 14 12 11 15 16 19 17 18 20 23 21 22 24 25 27 26
1 0 3 2 4 5 9 8 6 7 13 10 11 12 17 14 15 16 19 18 20 22 21 24 25 23 26 27
1 0 4 2 3 6 5 10 7 8 9 12 11 15 13 16 14 20 19 17 18 22 21 25 23 24 27 26
3 2 0 1 4 5 9 8 6 7 10 12 11 14 13 16 15 18 17 19 21 20 22 24 25 26 23 27
0 2 1 5 6 4 3 7 9 10 8 13 11 12 16 17 15 14 19 18 21 20 23 22 24 26 27 25
0 3 1 2 5 7 4 6 9 8 11 10 12 14 15 13 17 18 16 21 19 20 25 24 22 23 26 27
2 0 1 3 4 6 7 5 10 8 11 9 13 12 15 14 17 16 20 18 19 21 23 24 22 26 25 27
1 2 0 4 5 3 6 8 7 10 9 11 12 14 13 16 17 15 21 20 18 19 23 25 22 24 27 26
1 0 4 2 5 3 9 8 6 7 11 12 13 10 15 14 16 19 17 18 20 23 21 24 22 26 27 25
0 1 4 2 5 3 7 6 8 11 9 10 12 14 16 13 15 20 17 18 19 24 23 21 22 26 25 27
2 0 1 3 6 4 5 7 11 8 9 10 13 12 16 14 15 19 17 18 20 22 21 24 26 23 25 27
2 3 1 0 5 4 8 6 7 9 11 10 13 15 12 14 16 18 19 17 21 22 23 20 25 24 26 27
1 3 0 2 4 7 5 6 9 10 11 8 13 12 15 14 18 16 17 21 19 20 23 22 26 24 27 25
1 0 3 2 5 4 7 8 6 9 11 12 10 14 13 17 18 16 15 21 19 20 23 24 22 25 27 26
1 2 0 6 3 4 5 8 9 7 10 12 13 14 11 17 15 16 20 21 19 18 25 24 22 23 27 26
1 0 4 2 3 8 7 5 6 9 11 12 10 15 13 16 14 19 17 18 20 22 21 25 23 24 27 26
1 0 2 3 5 4 8 9 7 6 10 12 14 11 13 15 18 16 17 20 19 24 23 21 22 26 25 27
0 3 1 4 2 5 7 6 9 10 8 13 11 12 15 14 17 18 16 20 21 19 23 22 25 26 27 24
3 0 1 2 6 4 5 8 7 10 11 12 9 13 16 17 15 14 18 19 20 22 21 24 25 23 27 26
0 1 2 4 6 3 5 8 7 10 12 9 11 14 13 17 15 16 19 18 22 23 21 20 25 24 27 26
0 2 3 4 1 6 7 5 8 9 12 13 11 10 15 14 17 16 19 18 22 20 23 21 24 26 25 27
1 0 4 5 3 2 7 6 8 9 11 10 13 14 12 15 17 16 19 20 18 22 21 23 25 24 26 27
0 4 1 2 3 6 7 5 9 11 8 10 14 15 13 12 17 16 19 18 20 22 24 21 23 26 25 27
0 1 2 4 5 3 8 6 9 7 11 10 13 12 15 16 14 19 17 18 20 22 21 23 26 27 25 24
1 3 0 2 5 4 6 8 9 7 10 14 13 11 12 15 17 16 18 20 19 22 23 21 25 27 24 26
0 4 1 2 3 5 7 6 10 8 11 9 13 14 12 17 15 16 19 18 22 23 21 20 25 24 26 27
2 3 1 0 6 7 5 4 9 8 11 10 12 14 13 16 17 15 18 19 21 20 23 22 26 27 25 24
1 2 0 5 3 4 7 6 11 8 9 10 12 14 13 15 16 18 19 17 21 22 20 23 26 24 25 27
0 1 2 3 4 6 7 5 10 11 9 8 13 14 15 12 17 18 16 21 19 22 20 24 25 26 23 27
0 1 2 5 3 4 7 6 9 8 10 12 11 14 15 13 17 16 19 18 23 22 20 21 27 26 24 25
0 4 1 2 3 7 5 8 6 10 9 12 13 14 11 16 17 15 19 20 21 18 24 22 23 26 25 27
0 2 1 5 6 4 3 10 9 7 8 13 11 12 16 14 15 19 17 20 18 24 23 21 22 25 26 27
1 2 3 0 6 7 5 4 9 8 11 10 15 14 12 13 17 16 19 20 18 23 21 22 25 26 24 27
1 0 4 2 3 6 5 8 9 7 11 12 10 13 15 14 16 20 19 17 18 22 21 25 26 24 23 27
1 0 2 3 7 6 4 5 10 8 11 9 13 12 15 16 14 17 18 20 19 23 21 22 25 27 24 26
1 0 3 4 5 2 7 6 9 11 8 10 12 14 15 13 18 16 17 21 22 20 19 26 23 24 25 27
1 0 2 3 5 4 8 6 7 9 11 10 12 13 15 17 14 16 19 18 20 24 21 22 23 25 26 27
1 0 2 3 5 4 7 8 9 6 12 13 11 10 16 14 15 18 17 20 21 19 23 24 22 26 25 27
0 4 1 2 3 7 5 6 8 10 9 12 13 11 15 17 14 16 19 20 18 23 21 22 26 24 27 25
0 1 4 5 3 2 7 6 8 11 9 10 14 12 13 16 17 15 19 18 20 22 23 21 26 24 25 27
2 0 1 4 3 6 5 8 7 9 11 10 13 14 12 18 17 15 16 20 21 19 24 22 23 27 25 26
1 0 4 2 5 3 8 9 7 6 11 10 15 14 12 13 17 18 16 20 22 19 21 24 23 26 27 25
1 2 3 0 6 4 5 9 7 8 12 10 11 14 15 13 16 19 17 18 20 21 24 22 23 25 27 26
1 2 3 0 5 6 4 9 10 8 7 11 14 12 15 13 18 16 19 17 20 22 21 24 25 23 27 26
1 2 0 5 3 6 4 8 7 12 9 10 11 13 16 14 17 15 19 18 20 23 21 22 25 24 27 26
1 2 0 5 3 6 4 8 9 10 7 12 13 14 11 15 17 18 16 19 20 21 23 22 25 24 26 27
1 0 2 5 6 4 3 7 10 8 9 14 11 12 13 16 15 20 19 17 18 22 21 23 24 26 25 27
0 2 1 4 6 3 5 9 7 8 11 12 10 14 13 17 15 16 18 20 19 22 23 21 26 24 25 27
1 0 3 2 5 4 9 8 6 7 11 10 12 15 16 14 13 18 19 17 20 23 24 22 21 27 25 26
0 2 3 1 5 4 6 8 9 7 11 10 12 14 15 16 13 18 17 19 23 20 21 22 25 24 27 26
1 0 2 3 4 5 7 9 6 8 11 13 10 12 15 14 16 17 19 18 21 22 20 24 23 25 27 26
0 2 1 5 3 4 7 6 9 10 11 8 13 14 12 15 16 17 19 18 22 20 21 24 23 25 27 26
1 2 0 3 4 6 5 9 7 8 11 13 10 12 16 17 15 14 19 18 20 21 23 22 25 27 24 26
1 3 0 2 6 4 5 7 11 10 8 9 12 15 16 14 13 17 20 18 19 22 23 24 21 25 27 26
2 3 1 0 5 4 6 9 7 8 10 11 14 12 13 18 15 16 17 20 19 24 23 21 22 26 27 25
2 0 1 4 6 3 5 9 7 8 12 10 13 11 15 14 17 19 16 18 21 20 22 24 23 26 27 25
1 2 0 3 4 5 6 8 9 7 12 10 11 14 13 17 15 16 19 18 20 22 23 21 24 26 25 27
1 2 0 5 3 4 7 8 6 10 9 12 11 14 15 16 13 19 17 18 21 22 20 24 23 26 25 27
2 3 1 0 5 4 7 8 6 9 12 10 13 11 16 14 15 18 17 19 20 22 23 24 21 27 25 26
0 3 1 4 2 6 5 8 9 10 7 12 13 11 15 14 17 18 19 16 20 22 21 25 23 24 27 26
2 0 3 1 7 4 5 6 8 11 9 10 13 14 12 15 17 18 16 20 19 21 23 24 22 27 25 26
1 0 4 5 3 2 7 6 10 8 9 12 13 11 14 16 15 17 20 18 19 21 23 24 22 25 26 27
1 0 2 3 4 6 5 8 7 10 9 11 13 14 15 12 16 19 17 18 21 20 22 24 23 26 25 27
1 3 0 2 7 6 4 5 8 9 11 12 13 10 15 16 14 17 19 18 22 20 21 23 25 24 27 26
1 3 0 2 5 4 8 9 7 6 11 12 10 13 15 14 18 16 17 22 19 20 21 24 23 25 26 27
1 0 2 3 5 4 7 6 9 10 11 8 12 15 13 14 16 18 17 22 19 20 21 24 26 23 25 27
1 0 3 2 7 6 4 5 9 8 13 12 10 11 14 17 15 18 16 19 23 22 20 21 25 24 26 27
3 0 1 2 4 6 5 8 7 10 11 12 9 13 14 15 16 18 17 21 19 22 20 23 24 25 27 26
1 0 3 4 2 5 8 6 7 10 9 11 13 12 15 14 17 18 16 21 19 20 23 25 22 24 26 27
3 0 1 2 6 4 7 5 8 10 12 9 11 14 15 13 16 20 17 18 19 22 23 21 26 24 25 27
0 2 1 4 3 6 5 10 7 8 9 12 14 11 13 15 17 18 19 16 21 20 22 24 23 27 25 26
2 0 3 1 6 4 5 7 10 8 9 14 11 12 13 16 15 19 17 20 18 22 23 24 21 25 26 27
1 0 3 2 5 6 4 7 8 10 9 12 11 14 15 13 17 16 20 18 19 23 21 22 25 26 24 27
1 0 3 2 6 4 7 5 8 10 9 12 13 11 15 14 18 19 17 16 20 22 21 26 23 24 25 27
1 2 0 3 7 6 4 5 9 10 8 12 13 14 11 15 18 19 17 16 20 21 22 25 26 24 23 27
0 1 3 2 5 4 7 6 8 10 11 12 9 15 16 14 13 17 21 18 19 20 24 22 25 23 27 26
2 3 1 0 4 5 6 8 7 11 12 10 9 16 13 14 15 18 19 17 22 20 21 23 25 26 24 27
0 3 1 4 2 7 5 6 9 8 11 10 14 12 13 15 17 18 16 20 21 22 19 25 23 24 26 27
0 2 4 1 3 6 8 5 7 10 12 9 11 14 15 13 16 17 19 20 21 18 23 24 22 25 26 27
2 0 1 5 3 6 4 8 10 7 9 13 14 12 11 16 18 15 17 21 19 20 24 22 23 27 25 26
3 0 1 2 5 4 7 8 6 10 11 12 9 15 13 14 17 18 16 20 21 22 19 26 23 24 25 27
2 3 1 0 5 4 7 8 6 10 9 14 13 11 12 16 15 18 19 17 20 21 25 22 23 24 27 26
2 3 1 0 5 7 4 6 10 8 9 14 11 12 13 16 15 17 21 20 18 19 23 22 24 26 25 27
2 0 3 1 5 6 4 9 7 8 10 12 13 11 14 16 15 18 17 20 22 19 21 25 23 24 27 26
0 2 3 1 6 4 7 5 9 8 10 12 11 13 16 14 17 15 20 18 19 21 23 25 22 24 27 26
1 3 0 2 5 4 6 7 9 8 11 10 13 12 15 16 14 18 17 21 19 20 22 25 26 24 23 27
2 0 3 1 6 4 5 8 7 10 9 11 14 15 13 12 18 19 17 16 22 20 23 21 25 24 27 26
2 0 1 6 3 4 5 7 10 11 9 8 14 12 13 17 15 16 19 21 18 20 22 25 26 24 23 27
1 2 3 0 4 6 5 8 7 10 9 13 14 12 11 17 15 16 19 18 21 22 23 20 26 27 25 24
2 3 1 0 5 7 4 6 10 8 9 14 13 11 12 15 16 19 20 18 17 23 21 22 25 26 24 27
2 3 1 0 5 4 6 9 7 8 11 12 10 16 15 13 14 18 17 20 19 23 21 22 27 26 24 25
2 0 3 1 5 4 7 6 9 10 8 12 13 11 14 16 15 18 17 20 21 19 23 24 22 25 27 26
0 4 1 2 3 5 6 8 9 7 11 13 10 12 14 15 17 16 18 19 22 20 23 21 25 26 24 27
0 1 2 3 5 7 4 6 9 8 11 12 10 16 13 14 15 19 17 18 21 20 25 22 23 24 26 27
0 2 3 1 6 7 5 4 10 8 11 9 12 15 13 14 17 18 16 20 22 19 21 25 23 26 24 27
0 1 3 2 6 4 7 5 9 8 10 12 14 11 13 16 17 15 20 18 19 22 21 25 23 24 26 27
3 0 1 2 4 5 7 6 9 8 11 12 10 15 13 14 18 19 17 16 21 22 20 26 23 24 25 27
2 0 1 4 3 6 7 5 11 8 9 10 14 12 13 16 17 15 20 18 21 19 23 24 22 27 25 26
0 2 3 1 5 4 7 6 10 11 9 8 13 12 15 14 16 18 19 17 20 22 23 21 25 24 27 26
1 2 3 0 4 6 7 5 9 11 8 10 12 14 15 13 17 16 18 19 22 20 23 21 25 24 27 26
1 2 0 5 6 4 3 7 9 10 8 13 11 14 12 17 15 16 20 21 19 18 23 25 22 24 26 27
1 0 3 2 5 4 8 6 7 10 12 9 11 16 13 14 15 18 19 17 21 20 23 24 22 25 26 27
0 2 4 1 3 7 5 6 9 8 12 10 13 11 15 14 19 18 16 17 22 23 21 20 25 26 24 27
1 2 3 0 5 4 7 8 6 11 9 10 12 13 15 14 17 18 19 16 20 22 21 24 25 23 26 27
2 0 1 4 5 3 9 8 6 7 10 11 13 12 16 14 17 15 18 20 19 21 23 24 22 26 27 25
1 0 3 2 4 6 5 7 8 12 9 10 11 15 13 16 14 18 17 20 19 24 23 21 22 27 25 26
1 0 5 2 3 4 6 8 7 10 9 11 13 14 15 12 16 18 17 19 21 23 20 22 24 26 27 25
0 3 1 2 5 4 7 6 9 10 8 13 11 12 16 17 15 14 20 18 21 19 23 24 22 25 27 26
0 2 1 5 3 4 6 7 9 10 8 13 11 14 12 15 16 18 17 19 21 20 23 22 25 24 26 27
1 0 4 2 3 8 7 5 6 10 9 12 11 14 13 16 17 15 19 18 21 20 22 25 23 24 26 27
1 0 3 4 2 6 5 8 9 7 12 10 11 13 14 16 17 15 18 20 21 19 23 24 22 26 25 27
1 0 2 4 3 7 5 6 9 8 11 10 12 15 13 14 18 16 17 20 21 19 23 22 25 27 24 26
0 4 3 1 2 8 7 5 6 9 12 10 11 14 13 15 17 18 16 19 20 22 23 21 25 24 27 26
3 2 0 1 5 4 7 6 8 12 9 10 11 13 15 14 17 16 20 18 19 23 21 24 22 25 26 27
0 1 4 2 5 3 7 6 9 8 12 10 11 14 13 16 15 18 19 17 20 22 23 21 26 27 25 24
1 0 4 2 3 6 7 5 9 10 8 11 13 14 15 12 16 18 19 20 17 21 24 25 23 22 26 27
3 0 1 2 6 4 5 7 9 8 11 10 14 12 13 17 15 16 20 21 19 18 22 25 26 24 23 27
2 0 1 4 3 5 9 8 6 7 11 12 10 14 15 13 17 16 21 20 18 19 23 25 22 24 26 27
1 0 2 5 3 4 6 7 8 9 11 10 13 12 15 14 16 17 20 18 19 22 23 21 24 25 27 26
1 0 3 4 2 5 9 8 6 7 10 12 14 11 13 15 17 18 19 16 22 20 23 21 24 26 27 25
0 2 1 4 3 8 7 5 6 10 9 12 11 14 15 13 19 18 16 17 20 22 23 21 27 24 25 26
1 0 2 4 3 6 5 8 7 10 9 12 11 16 13 14 15 18 17 21 19 20 23 24 22 25 27 26
1 0 5 4 2 3 7 9 6 8 10 13 11 12 16 14 15 18 19 17 21 20 22 23 25 26 24 27
2 0 1 5 6 4 3 10 9 7 8 13 11 12 16 14 15 18 19 20 17 23 24 22 21 26 25 27
1 0 3 4 2 6 8 5 7 10 9 12 11 14 13 16 17 15 19 20 18 21 22 24 25 26 23 27
1 2 3 0 5 6 4 8 9 7 13 12 10 11 15 14 17 19 16 18 21 22 20 26 23 24 25 27
0 3 1 2 4 7 5 6 9 10 8 13 14 12 11 16 15 19 17 20 18 22 21 25 26 24 23 27
3 2 0 1 4 5 7 6 9 10 8 12 11 14 13 15 16 17 20 18 19 21 23 22 25 24 26 27
0 1 2 3 5 4 8 6 7 9 12 10 11 13 14 16 17 15 18 21 19 20 23 24 22 27 25 26
0 4 3 1 2 8 5 6 7 10 9 13 11 12 15 17 14 16 19 18 21 22 20 23 24 26 25 27
1 2 3 0 5 6 4 8 7 11 9 10 13 15 12 14 17 16 18 19 20 23 21 22 25 26 24 27
3 0 1 2 4 5 7 8 6 9 12 10 13 11 14 16 17 15 20 18 19 21 25 22 23 24 27 26
2 3 1 0 6 4 7 5 11 8 9 10 13 12 15 17 14 16 19 18 23 20 21 22 25 26 24 27