0 2 1 4 3 6 5 9 8 7 11 10 15 13 14 12 17 16 19 18
5 2 3 4 0 1 7 6 8 10 9 12 11 14 13 17 16 15 19 18
0 3 2 1 5 4 7 6 19 16 17 18 14 15 12 13 10 11 8 9
0 2 1 5 4 3 7 6 11 12 8 10 9 14 13 17 16 15 19 18
12 19 14 13 16 15 18 17 3 4 0 2 1 6 5 9 8 7 11 10
2 0 1 4 3 6 5 9 8 7 11 10 13 12 15 14 17 16 19 18
1 0 4 3 2 6 5 8 7 9 11 10 16 17 12 14 13 15 19 18
12 14 13 17 16 19 18 15 0 2 1 4 3 7 6 5 9 8 11 10
18 19 16 17 14 15 11 12 13 9 10 8 0 2 1 4 3 5 7 6
2 0 1 5 4 3 7 6 11 12 8 10 9 14 13 17 16 15 19 18
8 10 9 11 13 12 16 15 14 19 18 17 0 5 2 1 4 3 7 6
8 10 9 12 11 15 14 13 17 16 19 18 2 0 1 5 4 3 7 6
12 13 19 17 18 15 16 14 1 0 3 2 5 4 8 7 6 9 11 10
18 19 16 17 14 15 11 12 13 9 10 8 4 5 1 2 3 0 7 6
2 3 0 1 5 4 7 6 10 11 8 9 13 12 15 14 17 16 19 18
5 2 3 4 0 1 7 6 19 17 18 15 16 12 13 14 10 11 8 9
0 2 1 4 3 6 5 8 7 11 10 9 18 19 12 14 13 16 15 17
0 2 1 4 3 7 6 5 10 9 8 11 13 14 12 17 16 15 19 18
16 13 14 15 12 19 18 17 0 1 3 2 5 4 7 6 9 8 11 10
10 8 9 12 11 14 13 17 16 15 19 18 3 4 1 2 0 7 6 5
10 11 8 9 5 6 7 3 4 1 2 0 16 18 17 19 13 14 15 12
0 1 3 2 5 4 7 6 8 9 11 10 13 12 16 15 14 19 18 17
11 12 8 10 9 14 13 17 16 15 19 18 3 1 2 0 7 6 5 4
7 4 5 6 2 3 0 1 8 10 9 12 11 16 15 14 13 19 18 17
9 10 8 12 11 14 13 16 15 19 18 17 4 5 2 3 0 1 7 6
11 12 8 10 9 14 13 17 16 15 19 18 7 5 6 2 3 4 0 1
3 4 0 2 1 7 6 5 10 8 9 12 11 14 13 17 16 15 19 18
3 1 2 0 5 4 7 6 9 8 11 10 15 13 14 12 18 17 16 19
0 2 1 3 5 4 7 6 10 8 9 13 12 11 15 14 17 16 19 18
0 2 1 4 3 6 5 8 7 9 11 10 12 14 13 16 15 18 17 19
8 10 9 11 13 12 16 15 14 19 18 17 7 5 6 2 3 4 0 1
4 5 0 2 1 3 7 6 19 16 17 18 14 15 12 13 10 11 8 9
14 16 15 18 17 19 12 13 0 3 2 1 5 4 7 6 9 8 11 10
0 2 1 4 3 8 7 6 5 11 10 9 12 14 13 16 15 19 18 17
0 3 2 5 4 7 6 9 8 1 11 10 12 15 14 13 17 16 19 18
0 5 2 1 4 3 7 6 10 8 9 13 12 11 15 14 17 16 19 18
0 1 3 2 5 4 7 6 9 8 11 10 15 13 14 12 18 17 16 19
1 2 0 4 3 7 6 5 9 8 11 10 15 16 13 14 12 19 18 17
9 10 8 12 11 14 13 17 16 15 19 18 0 2 1 4 3 6 5 7
3 4 0 2 1 7 6 5 8 9 11 10 13 12 16 15 14 19 18 17
0 1 7 5 6 3 4 2 18 19 16 17 14 15 11 12 13 9 10 8
12 15 14 17 16 19 18 13 3 4 0 2 1 6 5 9 8 7 11 10
12 14 13 16 15 18 17 19 10 11 8 9 6 7 4 5 2 3 0 1
18 19 15 16 17 13 14 11 12 9 10 8 4 5 1 2 3 0 7 6
1 0 3 2 6 5 4 8 7 9 11 10 19 16 17 18 14 15 12 13
2 3 0 1 5 4 7 6 9 8 12 11 10 14 13 15 17 16 19 18
2 0 1 5 4 3 7 6 9 8 11 10 15 13 14 12 18 17 16 19
8 10 9 12 11 14 13 16 15 19 18 17 0 2 1 4 3 6 5 7
0 3 2 5 4 1 7 6 9 8 11 10 13 12 16 15 14 17 19 18
12 14 13 19 16 15 18 17 1 0 3 2 6 5 4 8 7 9 11 10
3 4 0 2 1 7 6 5 18 19 16 17 14 15 12 13 9 10 11 8
0 3 2 5 4 7 6 1 18 19 15 16 17 13 14 11 12 9 10 8
8 9 11 10 13 12 16 15 14 19 18 17 3 1 2 0 5 4 7 6
12 14 13 17 16 19 18 15 0 2 1 4 3 6 5 8 7 9 11 10
1 0 3 2 5 4 7 6 9 8 11 10 17 14 15 16 12 13 19 18
4 5 1 2 3 0 7 6 8 10 9 12 11 15 14 13 18 17 16 19
16 17 14 15 12 13 10 11 8 9 19 18 0 2 1 3 5 4 7 6
1 0 4 3 2 5 7 6 19 17 18 15 16 13 14 10 11 12 8 9
0 2 1 4 3 7 6 5 8 11 10 13 12 15 14 17 16 9 19 18
16 17 14 15 12 13 19 18 11 9 10 7 8 5 6 2 3 4 0 1
18 19 16 17 13 14 15 12 0 1 3 2 6 5 4 9 8 7 11 10
0 2 1 4 3 6 5 9 8 7 11 10 12 13 15 14 17 16 19 18
8 11 10 9 13 12 15 14 17 16 19 18 5 2 3 4 0 1 7 6
6 7 3 4 5 1 2 0 19 17 18 15 16 12 13 14 10 11 8 9
11 9 10 7 8 5 6 2 3 4 0 1 13 14 12 17 16 15 19 18
8 10 9 12 11 13 15 14 17 16 19 18 0 2 1 3 5 4 7 6
0 2 1 4 3 6 5 8 7 9 11 10 16 15 13 14 12 19 18 17
0 2 1 4 3 5 7 6 9 8 11 10 12 17 14 13 16 15 19 18
1 0 3 2 5 4 7 6 13 11 12 9 10 8 15 14 17 16 19 18
4 2 3 1 0 7 6 5 10 8 9 12 11 14 13 16 15 19 18 17
4 5 2 3 0 1 7 6 8 9 11 10 14 13 12 17 16 15 19 18
11 9 10 7 8 5 6 2 3 4 0 1 13 12 16 15 14 17 19 18
13 11 12 9 10 8 15 14 17 16 19 18 6 7 4 5 2 3 0 1
2 0 1 5 4 3 7 6 9 8 11 10 13 12 16 15 14 17 19 18
4 6 5 7 1 2 3 0 10 11 8 9 13 12 15 14 17 16 19 18
8 9 11 10 13 12 15 14 17 16 19 18 2 0 1 5 4 3 7 6
10 11 8 9 6 7 3 4 5 1 2 0 12 19 14 13 16 15 18 17
3 1 2 0 7 6 5 4 18 19 16 17 14 15 12 13 10 11 8 9
2 0 1 4 3 7 6 5 9 8 12 11 10 14 13 15 17 16 19 18
0 2 1 3 5 4 7 6 18 19 16 17 13 14 15 11 12 9 10 8
18 19 16 17 14 15 12 13 10 11 8 9 1 2 0 4 3 7 6 5
10 11 8 9 6 7 4 5 2 3 0 1 12 14 13 16 15 18 17 19
1 2 0 4 3 6 5 8 7 11 10 9 12 19 14 13 16 15 18 17
4 2 3 0 1 7 6 5 14 15 12 13 10 11 8 9 17 16 19 18
1 2 0 4 3 7 6 5 9 8 11 10 17 14 15 16 12 13 19 18
1 0 4 3 2 6 5 7 9 8 11 10 16 14 15 13 12 19 18 17
11 12 8 10 9 14 13 17 16 15 19 18 1 2 0 5 4 3 7 6
8 9 11 10 13 12 15 14 17 16 19 18 6 7 3 4 5 1 2 0
3 1 2 0 5 4 7 6 8 10 9 12 11 15 14 13 17 16 19 18
15 16 13 14 12 19 18 17 1 0 3 2 5 4 7 6 9 8 11 10
6 7 4 5 2 3 0 1 9 8 11 10 12 14 13 17 16 15 19 18
19 16 17 18 14 15 12 13 10 11 8 9 6 7 4 5 1 2 3 0
12 14 13 16 15 17 19 18 2 3 0 1 5 4 7 6 9 8 11 10
8 10 9 12 11 16 15 14 13 19 18 17 4 5 0 2 1 3 7 6
16 13 14 15 12 19 18 17 6 7 4 5 2 3 0 1 9 8 11 10
14 12 13 17 16 15 19 18 1 2 0 4 3 6 5 9 8 7 11 10
0 2 1 3 5 4 7 6 12 13 10 11 8 9 15 14 17 16 19 18
1 0 3 2 6 5 4 8 7 9 11 10 16 17 12 14 13 15 19 18
3 1 2 0 5 4 7 6 9 8 11 10 13 12 16 15 14 17 19 18
10 11 8 9 6 7 4 5 1 2 3 0 13 14 12 16 15 19 18 17
0 2 1 4 3 6 5 7 19 17 18 15 16 13 14 10 11 12 8 9
0 2 1 4 3 5 7 6 14 15 12 13 10 11 8 9 17 16 19 18
11 12 8 10 9 14 13 17 16 15 19 18 0 2 1 4 3 6 5 7
15 13 14 12 18 17 16 19 4 5 2 3 0 1 7 6 9 8 11 10
0 2 1 3 5 4 7 6 9 8 11 10 15 13 14 12 18 17 16 19
12 13 19 17 18 15 16 14 11 9 10 7 8 5 6 2 3 4 0 1
1 2 0 4 3 6 5 8 7 11 10 9 12 13 15 14 17 16 19 18
10 11 8 9 6 7 3 4 5 1 2 0 16 17 13 14 15 12 19 18
8 10 9 13 12 11 15 14 17 16 19 18 0 2 1 5 4 3 7 6
16 18 17 19 13 14 15 12 1 2 0 4 3 7 6 5 9 8 11 10
4 5 2 3 0 1 7 6 9 10 8 12 11 15 14 13 17 16 19 18
7 4 5 6 2 3 0 1 8 11 10 13 12 15 14 17 16 9 19 18
12 13 19 17 18 15 16 14 0 1 3 2 6 5 4 9 8 7 11 10
4 2 3 0 1 7 6 5 10 8 9 12 11 14 13 17 16 15 19 18
1 0 4 3 2 6 5 7 9 8 11 10 12 14 13 17 16 15 19 18
17 14 15 16 12 13 19 18 1 0 3 2 6 5 4 8 7 9 11 10
1 0 3 2 5 4 7 6 8 9 12 11 10 14 13 17 16 15 19 18
8 10 9 11 13 12 15 14 17 16 19 18 7 5 6 2 3 4 0 1
0 2 1 3 5 4 8 7 6 11 10 9 12 15 14 13 17 16 19 18
8 10 9 11 14 13 12 17 16 15 19 18 4 1 2 3 0 7 6 5
9 8 11 10 13 12 16 15 14 17 19 18 3 1 2 0 7 6 5 4
11 9 10 6 7 8 4 5 2 3 0 1 18 19 16 17 13 14 15 12
7 4 5 6 0 2 1 3 12 13 10 11 8 9 15 14 17 16 19 18
2 0 1 5 4 3 7 6 9 8 11 10 13 12 15 14 17 16 19 18
9 10 8 12 11 14 13 17 16 15 19 18 6 7 4 5 1 2 3 0
4 5 2 3 0 1 7 6 8 10 9 12 11 15 14 13 18 17 16 19
4 5 2 3 0 1 7 6 9 8 11 10 16 17 14 15 12 13 19 18
0 9 2 1 4 3 6 5 8 7 11 10 19 16 17 18 13 14 15 12
0 2 1 4 3 5 7 6 9 8 11 10 13 12 15 14 17 16 19 18
10 11 8 9 6 7 4 5 1 2 3 0 17 15 16 13 14 12 19 18
11 9 10 7 8 5 6 2 3 4 0 1 12 14 13 16 15 19 18 17
11 9 10 6 7 8 4 5 2 3 0 1 16 17 14 15 12 13 19 18
7 4 5 6 0 2 1 3 9 10 8 12 11 14 13 16 15 19 18 17
8 9 11 10 13 12 15 14 17 16 19 18 0 5 2 1 4 3 7 6
12 14 13 17 16 15 19 18 1 2 0 5 4 3 7 6 9 8 11 10
19 17 18 14 15 16 12 13 1 2 0 4 3 6 5 8 7 11 10 9
0 2 1 3 5 4 7 6 9 8 11 10 12 19 14 13 16 15 18 17
12 17 14 13 16 15 19 18 2 0 1 5 4 3 7 6 9 8 11 10
13 12 16 15 14 17 19 18 11 9 10 6 7 8 4 5 2 3 0 1
8 10 9 13 12 11 15 14 17 16 19 18 2 3 0 1 5 4 7 6
2 4 3 5 0 1 7 6 14 15 12 13 10 11 8 9 17 16 19 18
6 7 0 2 1 4 3 5 8 11 10 9 13 12 15 14 17 16 19 18
16 18 17 19 13 14 15 12 0 2 1 3 5 4 7 6 9 8 11 10
2 4 3 6 5 7 0 1 10 8 9 13 12 11 15 14 17 16 19 18
1 2 0 4 3 7 6 5 9 8 11 10 16 17 14 15 12 13 19 18
1 0 4 3 2 6 5 7 9 8 11 10 16 13 14 15 12 19 18 17
10 8 9 13 12 11 15 14 17 16 19 18 4 5 2 3 0 1 7 6
16 18 17 19 13 14 15 12 1 0 4 3 2 6 5 8 7 9 11 10
8 10 9 12 11 14 13 16 15 17 19 18 0 2 1 4 3 7 6 5
4 5 0 2 1 3 7 6 18 19 16 17 14 15 11 12 13 9 10 8
0 2 1 4 3 6 5 8 7 11 10 9 16 14 15 13 12 19 18 17
4 5 2 3 0 1 7 6 8 10 9 12 11 13 15 14 17 16 19 18
0 3 2 5 4 1 7 6 10 11 8 9 13 12 15 14 17 16 19 18
0 2 1 5 4 7 6 3 8 9 11 10 13 12 16 15 14 19 18 17
16 18 17 19 13 14 15 12 2 4 3 0 1 6 5 9 8 7 11 10
6 7 4 5 2 3 0 1 9 8 11 10 16 14 15 13 12 19 18 17
11 9 10 6 7 8 4 5 2 3 0 1 18 19 16 17 14 15 12 13
10 11 8 9 6 7 4 5 1 2 3 0 15 13 14 12 19 18 17 16
3 4 1 2 0 7 6 5 18 19 16 17 14 15 12 13 10 11 8 9
12 15 14 17 16 13 19 18 6 7 4 5 2 3 0 1 9 8 11 10
0 2 1 4 3 7 6 5 9 8 11 10 16 17 14 15 12 13 19 18
1 0 4 3 2 5 7 6 11 12 8 10 9 14 13 17 16 15 19 18
8 17 10 9 12 11 14 13 16 15 19 18 0 3 2 1 5 4 7 6
7 5 6 2 3 4 0 1 9 8 12 11 10 14 13 16 15 17 19 18
18 19 16 17 14 15 11 12 13 9 10 8 3 4 1 2 0 7 6 5
2 0 1 4 3 6 5 9 8 7 11 10 12 14 13 16 15 19 18 17
6 7 4 5 1 2 3 0 8 10 9 12 11 14 13 16 15 17 19 18
8 11 10 9 13 12 15 14 17 16 19 18 6 7 3 4 5 1 2 0
1 0 3 2 5 4 8 7 6 9 11 10 19 16 17 18 13 14 15 12
0 2 1 4 3 8 7 6 5 11 10 9 15 13 14 12 17 16 19 18
12 14 13 15 17 16 19 18 0 2 1 4 3 8 7 6 5 11 10 9
0 1 3 2 5 4 7 6 8 10 9 13 12 11 15 14 17 16 19 18
13 12 16 15 14 17 19 18 0 2 1 4 3 8 7 6 5 11 10 9
8 10 9 11 14 13 12 17 16 15 19 18 0 1 7 5 6 3 4 2
1 2 0 5 4 3 7 6 9 8 12 11 10 14 13 16 15 17 19 18
19 17 18 14 15 16 12 13 0 2 1 3 5 4 7 6 9 8 11 10
16 17 14 15 12 13 19 18 10 11 8 9 6 7 3 4 5 1 2 0
19 16 17 18 14 15 12 13 10 11 8 9 4 5 2 3 0 1 7 6
8 11 10 13 12 15 14 17 16 9 19 18 0 1 3 2 5 4 7 6
10 8 9 12 11 14 13 16 15 19 18 17 0 2 1 5 4 7 6 3
16 17 14 15 12 13 10 11 8 9 19 18 6 7 0 2 1 4 3 5
19 16 17 18 14 15 12 13 10 11 8 9 5 6 7 3 4 1 2 0
19 16 17 18 14 15 12 13 10 11 7 8 9 5 6 3 4 1 2 0
0 2 1 4 3 6 5 8 7 10 9 11 12 17 14 13 16 15 19 18
2 4 3 6 5 7 0 1 9 8 11 10 13 12 16 15 14 17 19 18
12 14 13 17 16 15 19 18 0 2 1 4 3 5 7 6 9 8 11 10
6 7 4 5 2 3 0 1 9 8 11 10 16 17 13 14 15 12 19 18
8 10 9 12 11 14 13 17 16 15 19 18 0 2 1 4 3 5 7 6
12 14 13 17 16 19 18 15 11 8 9 10 6 7 4 5 2 3 0 1
13 12 15 14 17 16 19 18 1 2 0 4 3 7 6 5 9 8 11 10
2 0 1 4 3 6 5 9 8 7 11 10 19 16 17 18 14 15 12 13
10 11 7 8 9 5 6 3 4 1 2 0 15 13 14 12 19 18 17 16
18 19 16 17 13 14 15 11 12 9 10 8 4 2 3 0 1 7 6 5
0 1 3 2 5 4 7 6 11 12 8 10 9 14 13 17 16 15 19 18
7 5 6 3 4 1 2 0 18 19 16 17 14 15 12 13 9 10 11 8
12 14 13 16 15 19 18 17 1 2 0 5 4 3 7 6 9 8 11 10
1 2 0 5 4 3 7 6 18 19 16 17 14 15 12 13 10 11 8 9
1 2 0 4 3 6 5 9 8 7 11 10 12 14 13 16 15 18 17 19
11 8 9 10 6 7 4 5 2 3 0 1 16 18 17 19 13 14 15 12
2 4 3 5 0 1 7 6 18 19 16 17 14 15 12 13 10 11 8 9
1 2 0 4 3 6 5 9 8 7 11 10 14 16 15 18 17 19 12 13
12 14 13 16 15 17 19 18 1 2 0 4 3 6 5 8 7 11 10 9
0 9 2 1 4 3 6 5 8 7 11 10 12 19 14 13 16 15 18 17
0 3 2 5 4 7 6 9 8 1 11 10 13 12 15 14 17 16 19 18
10 12 11 8 9 14 13 17 16 15 19 18 0 2 1 5 4 7 6 3
15 16 13 14 12 19 18 17 1 2 0 5 4 3 7 6 9 8 11 10
12 19 14 13 16 15 18 17 10 11 8 9 5 6 7 3 4 1 2 0
0 2 1 4 3 8 7 6 5 11 10 9 15 13 14 12 19 18 17 16
0 2 1 4 3 7 6 5 10 9 8 11 16 18 17 19 13 14 15 12
10 11 8 9 6 7 4 5 2 3 0 1 14 12 13 16 15 19 18 17
13 11 12 9 10 8 15 14 17 16 19 18 1 0 3 2 5 4 7 6
7 4 5 6 0 2 1 3 8 10 9 12 11 15 14 13 17 16 19 18
0 2 1 3 5 4 8 7 6 11 10 9 16 17 12 14 13 15 19 18
11 9 10 7 8 4 5 6 2 3 0 1 12 14 13 16 15 19 18 17
3 1 2 0 5 4 7 6 11 9 10 8 13 12 15 14 17 16 19 18
0 3 2 1 5 4 7 6 10 8 9 12 11 14 13 16 15 19 18 17
11 9 10 7 8 5 6 2 3 4 0 1 18 19 15 16 17 13 14 12
0 1 7 5 6 3 4 2 18 19 16 17 14 15 12 13 10 11 8 9
1 0 4 3 2 6 5 7 9 8 11 10 16 18 17 19 13 14 15 12
15 16 12 14 13 19 18 17 0 3 2 1 5 4 7 6 9 8 11 10
8 9 11 10 13 12 16 15 14 19 18 17 4 5 0 2 1 3 7 6
0 1 4 3 2 6 5 9 8 7 11 10 14 16 15 17 12 13 19 18
12 14 13 17 16 19 18 15 6 7 4 5 2 3 0 1 9 8 11 10
12 13 15 14 17 16 19 18 2 4 3 0 1 6 5 9 8 7 11 10
6 7 0 2 1 4 3 5 8 10 9 11 14 13 12 17 16 15 19 18
9 10 8 12 11 14 13 16 15 19 18 17 0 2 1 5 4 3 7 6
0 2 1 4 3 6 5 7 11 9 10 8 13 12 15 14 17 16 19 18
8 10 9 12 11 15 14 13 19 18 17 16 6 7 3 4 5 1 2 0
0 2 1 4 3 7 6 5 8 9 11 10 13 12 16 15 14 19 18 17
0 2 1 4 3 7 6 5 10 8 9 12 11 15 14 13 17 16 19 18
12 14 13 15 17 16 19 18 10 11 8 9 6 7 4 5 1 2 3 0
0 1 3 2 5 4 7 6 8 10 9 12 11 15 14 13 19 18 17 16
10 12 11 8 9 14 13 17 16 15 19 18 3 1 2 0 5 4 7 6
1 2 0 4 3 7 6 5 9 8 11 10 12 13 15 14 17 16 19 18
5 2 3 4 0 1 7 6 8 10 9 12 11 13 15 14 17 16 19 18
0 2 1 4 3 5 7 6 19 17 18 15 16 12 13 14 10 11 8 9
12 14 13 16 15 19 18 17 2 4 3 0 1 6 5 9 8 7 11 10
4 3 1 2 0 7 6 5 9 8 12 11 10 14 13 15 17 16 19 18
3 4 1 2 0 7 6 5 19 17 18 14 15 16 12 13 10 11 8 9
12 14 13 17 16 15 19 18 0 2 1 3 6 5 4 9 8 7 11 10
0 2 1 5 4 7 6 3 19 17 18 14 15 16 12 13 10 11 8 9
12 17 14 13 16 15 19 18 0 2 1 4 3 7 6 5 11 10 9 8
8 17 10 9 12 11 14 13 16 15 19 18 1 2 0 5 4 3 7 6
6 7 0 2 1 4 3 5 8 10 9 12 11 16 15 14 13 19 18 17
1 2 0 4 3 6 5 9 8 7 11 10 19 16 17 18 12 14 13 15
16 14 15 13 12 19 18 17 0 2 1 3 6 5 4 9 8 7 11 10
13 11 12 9 10 8 15 14 17 16 19 18 1 2 0 5 4 3 7 6
0 2 1 4 3 7 6 5 10 9 8 11 19 16 17 18 14 15 12 13
1 2 0 5 4 3 7 6 10 12 11 8 9 14 13 17 16 15 19 18
10 8 9 12 11 14 13 16 15 19 18 17 4 5 1 2 3 0 7 6
19 17 18 15 16 13 14 12 0 1 3 2 6 5 4 9 8 7 11 10
13 14 12 17 16 15 19 18 5 3 4 1 2 0 7 6 9 8 11 10
8 11 10 13 12 15 14 17 16 9 19 18 4 2 3 0 1 7 6 5
12 14 13 17 16 15 19 18 2 0 1 5 4 3 7 6 9 8 11 10
1 2 0 4 3 7 6 5 18 19 16 17 14 15 11 12 13 9 10 8
0 1 3 2 5 4 8 7 6 11 10 9 16 17 14 15 12 13 19 18
3 4 0 2 1 6 5 9 8 7 11 10 15 13 14 12 18 17 16 19
1 2 0 5 4 3 7 6 9 8 11 10 15 16 12 14 13 19 18 17
19 17 18 15 16 13 14 10 11 12 8 9 3 1 2 0 7 6 5 4
0 2 1 3 5 4 7 6 10 8 9 12 11 14 13 17 16 15 19 18
5 2 3 4 0 1 7 6 14 15 12 13 10 11 8 9 17 16 19 18
0 2 1 4 3 7 6 5 9 8 11 10 12 15 14 13 17 16 19 18
13 11 12 9 10 8 15 14 17 16 19 18 0 7 2 1 4 3 6 5
0 2 1 5 4 3 7 6 9 8 11 10 12 14 13 17 16 19 18 15
1 0 4 3 2 6 5 7 9 8 11 10 12 19 14 13 16 15 18 17
16 14 15 13 12 19 18 17 10 11 8 9 6 7 4 5 2 3 0 1
6 7 4 5 1 2 3 0 18 19 16 17 14 15 11 12 13 9 10 8
19 16 17 18 12 14 13 15 3 4 0 2 1 6 5 9 8 7 11 10
8 10 9 11 14 13 12 17 16 15 19 18 1 2 0 5 4 3 7 6
10 11 8 9 13 12 15 14 17 16 19 18 2 0 1 5 4 3 7 6
13 14 12 17 16 15 19 18 1 2 0 4 3 6 5 9 8 7 11 10
0 2 1 3 5 4 7 6 9 8 11 10 14 16 15 12 13 19 18 17
0 2 1 3 6 5 4 9 8 7 11 10 13 12 16 15 14 17 19 18
2 0 1 4 3 7 6 5 9 8 11 10 12 14 13 17 16 19 18 15
7 4 5 6 1 2 3 0 8 10 9 12 11 16 15 14 13 19 18 17
0 2 1 4 3 7 6 5 9 8 11 10 14 12 13 17 16 15 19 18
1 0 3 2 6 5 4 8 7 9 11 10 14 15 12 13 17 16 19 18
12 14 13 17 16 15 19 18 5 3 4 1 2 0 7 6 9 8 11 10
11 9 10 7 8 5 6 2 3 4 0 1 16 17 12 14 13 15 19 18
0 3 2 5 4 1 7 6 8 10 9 12 11 16 15 14 13 19 18 17
0 2 1 4 3 7 6 5 9 8 11 10 12 14 13 16 15 18 17 19
1 0 4 3 2 6 5 8 7 9 11 10 12 13 15 14 17 16 19 18
18 19 16 17 14 15 11 12 13 9 10 8 0 2 1 4 3 7 6 5
1 0 3 2 5 4 7 6 8 10 9 12 11 16 15 14 13 19 18 17
14 12 13 16 15 19 18 17 2 4 3 0 1 6 5 9 8 7 11 10
1 2 0 5 4 3 7 6 9 8 11 10 19 16 17 18 14 15 12 13
4 6 5 7 1 2 3 0 8 9 11 10 13 12 16 15 14 19 18 17
12 19 14 13 16 15 18 17 0 2 1 4 3 6 5 9 8 7 11 10
3 4 0 2 1 6 5 9 8 7 11 10 19 17 18 15 16 13 14 12
15 16 12 14 13 19 18 17 1 0 4 3 2 6 5 7 9 8 11 10
0 1 3 2 5 4 7 6 9 8 12 11 10 14 13 15 17 16 19 18
12 19 14 13 16 15 18 17 0 3 2 1 5 4 7 6 9 8 11 10
18 19 16 17 13 14 15 12 0 2 1 5 4 3 7 6 9 8 11 10
12 15 14 17 16 19 18 13 2 0 1 4 3 6 5 9 8 7 11 10
12 14 13 16 15 18 17 19 0 2 1 4 3 6 5 8 7 10 9 11
8 9 6 7 4 5 2 3 0 1 11 10 12 14 13 16 15 17 19 18
6 7 4 5 2 3 0 1 8 11 10 9 13 12 15 14 17 16 19 18
8 10 9 12 11 15 14 13 19 18 17 16 6 7 4 5 1 2 3 0
12 15 14 17 16 19 18 13 0 2 1 4 3 7 6 5 10 9 8 11
0 1 3 2 5 4 7 6 9 8 11 10 14 16 15 17 12 13 19 18
2 4 3 5 0 1 7 6 8 10 9 12 11 14 13 16 15 18 17 19
3 4 0 2 1 7 6 5 9 8 12 11 10 14 13 15 17 16 19 18
0 1 3 2 5 4 7 6 9 8 11 10 16 17 13 14 15 12 19 18
13 12 16 15 14 17 19 18 2 0 1 5 4 3 7 6 9 8 11 10
0 3 2 1 5 4 7 6 18 19 16 17 14 15 12 13 10 11 8 9
16 14 15 13 12 19 18 17 0 1 4 3 2 6 5 9 8 7 11 10
12 14 13 17 16 19 18 15 0 2 1 4 3 7 6 5 10 9 8 11
6 7 4 5 2 3 0 1 8 9 11 10 14 13 12 17 16 15 19 18
1 2 0 4 3 6 5 8 7 11 10 9 16 15 13 14 12 19 18 17
10 8 9 12 11 15 14 13 17 16 19 18 7 5 6 2 3 4 0 1
3 1 2 0 6 5 4 7 19 17 18 14 15 16 12 13 10 11 8 9
11 9 10 7 8 4 5 6 2 3 0 1 12 15 14 17 16 19 18 13
7 5 6 3 4 1 2 0 8 11 10 9 13 12 15 14 17 16 19 18
11 9 10 6 7 8 4 5 2 3 0 1 12 15 14 17 16 13 19 18
15 16 12 14 13 19 18 17 1 2 0 4 3 6 5 9 8 7 11 10
0 2 1 3 5 4 7 6 9 10 8 12 11 14 13 17 16 15 19 18
0 3 2 5 4 7 6 1 9 8 11 10 13 12 16 15 14 17 19 18
6 7 3 4 5 1 2 0 16 17 14 15 12 13 10 11 8 9 19 18
12 13 15 14 17 16 19 18 0 3 2 5 4 7 6 9 8 1 11 10
18 19 16 17 13 14 15 11 12 9 10 8 4 5 2 3 0 1 7 6
10 11 8 9 5 6 7 3 4 1 2 0 14 15 12 13 17 16 19 18
6 7 0 2 1 4 3 5 8 10 9 11 13 12 15 14 17 16 19 18
8 10 9 12 11 13 15 14 17 16 19 18 3 4 1 2 0 7 6 5
16 13 14 15 12 19 18 17 0 2 1 4 3 6 5 9 8 7 11 10
19 17 18 15 16 13 14 10 11 12 8 9 0 2 1 5 4 7 6 3
9 8 11 10 13 12 16 15 14 17 19 18 1 0 4 3 2 5 7 6
0 1 3 2 5 4 7 6 8 10 9 12 11 14 13 16 15 18 17 19
7 4 5 6 2 3 0 1 19 17 18 14 15 16 12 13 10 11 8 9
0 2 1 5 4 3 7 6 9 8 11 10 15 13 14 12 18 17 16 19
14 15 12 13 10 11 8 9 17 16 19 18 6 7 4 5 2 3 0 1
17 15 16 13 14 12 19 18 8 9 6 7 4 5 2 3 0 1 11 10
0 2 1 7 4 3 6 5 8 9 11 10 13 12 15 14 17 16 19 18
1 0 3 2 5 4 8 7 6 9 11 10 12 14 13 19 16 15 18 17
4 5 1 2 3 0 7 6 8 10 9 12 11 14 13 17 16 15 19 18
2 0 1 5 4 3 7 6 9 8 11 10 18 19 12 14 13 16 15 17
17 14 15 16 12 13 19 18 0 2 1 4 3 7 6 5 9 8 11 10
19 17 18 14 15 16 12 13 10 11 8 9 3 1 2 0 6 5 4 7
2 4 3 5 0 1 7 6 9 10 8 13 12 11 15 14 17 16 19 18
14 15 12 13 17 16 19 18 10 11 7 8 9 5 6 3 4 1 2 0
2 0 1 5 4 3 7 6 9 8 12 11 10 14 13 15 17 16 19 18
8 10 9 12 11 15 14 13 18 17 16 19 2 3 0 1 5 4 7 6
13 12 15 14 17 16 19 18 0 2 1 3 6 5 4 9 8 7 11 10
1 0 3 2 5 4 7 6 9 8 11 10 15 16 13 14 12 19 18 17
9 8 12 11 10 14 13 16 15 17 19 18 0 3 2 1 5 4 7 6
0 5 2 1 4 3 7 6 12 13 10 11 8 9 15 14 17 16 19 18
16 13 14 15 12 19 18 17 10 11 8 9 6 7 4 5 1 2 3 0
10 11 8 9 6 7 3 4 5 1 2 0 14 15 12 13 17 16 19 18
8 10 9 12 11 15 14 13 19 18 17 16 4 3 1 2 0 7 6 5
6 7 3 4 5 1 2 0 9 10 8 12 11 15 14 13 17 16 19 18
13 11 12 9 10 8 15 14 17 16 19 18 0 5 2 1 4 3 7 6
18 19 15 16 17 13 14 11 12 9 10 8 7 5 6 3 4 1 2 0
1 2 0 5 4 3 7 6 9 8 11 10 12 19 14 13 16 15 18 17
5 2 3 4 0 1 7 6 8 9 11 10 13 12 15 14 17 16 19 18
10 11 8 9 13 12 15 14 17 16 19 18 5 2 3 4 0 1 7 6
8 10 9 12 11 15 14 13 19 18 17 16 0 2 1 4 3 6 5 7
12 14 13 17 16 19 18 15 0 1 3 2 5 4 7 6 9 8 11 10
19 16 17 18 13 14 15 12 11 8 9 10 6 7 4 5 2 3 0 1
1 2 0 4 3 6 5 8 7 11 10 9 16 13 14 15 12 19 18 17
9 10 8 12 11 14 13 16 15 19 18 17 4 6 5 7 1 2 3 0
5 3 4 1 2 0 7 6 9 8 11 10 14 12 13 17 16 15 19 18
16 14 15 13 12 19 18 17 10 11 8 9 6 7 3 4 5 1 2 0
12 15 14 17 16 13 19 18 0 2 1 4 3 6 5 8 7 10 9 11
1 2 0 4 3 7 6 5 9 8 11 10 15 13 14 12 19 18 17 16
12 13 10 11 8 9 15 14 17 16 19 18 6 7 0 2 1 4 3 5
12 14 13 16 15 19 18 17 10 11 8 9 6 7 4 5 1 2 3 0
1 0 4 3 2 6 5 7 9 8 11 10 16 17 12 14 13 15 19 18
7 4 5 6 2 3 0 1 9 10 8 12 11 15 14 13 17 16 19 18
14 15 12 13 17 16 19 18 10 11 8 9 5 6 7 3 4 1 2 0
2 0 1 4 3 6 5 8 7 11 10 9 16 18 17 19 13 14 15 12
19 17 18 14 15 16 12 13 11 9 10 6 7 8 4 5 2 3 0 1
12 14 13 17 16 19 18 15 0 1 4 3 2 6 5 9 8 7 11 10
11 9 10 6 7 8 4 5 2 3 0 1 19 17 18 14 15 16 12 13
0 2 1 4 3 6 5 9 8 7 11 10 12 14 13 16 15 19 18 17
10 8 9 13 12 11 15 14 17 16 19 18 3 1 2 0 5 4 7 6
12 14 13 16 15 19 18 17 0 2 1 4 3 6 5 9 8 7 11 10
3 4 0 2 1 6 5 9 8 7 11 10 16 14 15 13 12 19 18 17
4 2 3 1 0 7 6 5 8 10 9 11 13 12 16 15 14 19 18 17
18 19 16 17 13 14 15 11 12 9 10 8 4 6 5 7 1 2 3 0
6 7 4 5 2 3 0 1 18 19 16 17 14 15 11 12 13 9 10 8
0 1 3 2 5 4 8 7 6 11 10 9 12 15 14 17 16 13 19 18
19 17 18 15 16 12 13 14 10 11 8 9 2 4 3 5 0 1 7 6
2 0 1 4 3 7 6 5 9 8 11 10 13 12 16 15 14 17 19 18
11 9 10 8 13 12 15 14 17 16 19 18 3 4 1 2 0 7 6 5
0 7 2 1 4 3 6 5 19 17 18 14 15 16 12 13 10 11 8 9
8 9 6 7 4 5 2 3 0 1 11 10 14 12 13 17 16 15 19 18
2 0 1 4 3 7 6 5 9 8 11 10 15 13 14 12 19 18 17 16
6 7 3 4 5 1 2 0 8 10 9 12 11 15 14 13 17 16 19 18
10 11 8 9 6 7 4 5 1 2 3 0 12 14 13 15 17 16 19 18
8 10 9 12 11 15 14 13 19 18 17 16 7 4 5 6 1 2 3 0
0 7 2 1 4 3 6 5 8 10 9 12 11 14 13 16 15 17 19 18
16 15 13 14 12 19 18 17 2 0 1 4 3 6 5 8 7 11 10 9
0 2 1 3 6 5 4 9 8 7 11 10 12 14 13 15 17 16 19 18
16 17 14 15 12 13 19 18 2 0 1 4 3 6 5 8 7 11 10 9
0 2 1 3 5 4 8 7 6 11 10 9 12 14 13 19 16 15 18 17
14 16 15 17 12 13 19 18 2 3 0 1 5 4 7 6 9 8 11 10
16 17 14 15 12 13 19 18 2 0 1 4 3 6 5 9 8 7 11 10
4 3 1 2 0 7 6 5 8 10 9 12 11 15 14 13 17 16 19 18
9 10 8 12 11 15 14 13 17 16 19 18 2 0 1 5 4 3 7 6
0 2 1 4 3 7 6 5 8 10 9 12 11 15 14 13 17 16 19 18
4 5 1 2 3 0 7 6 9 8 12 11 10 14 13 16 15 17 19 18
0 2 1 4 3 7 6 5 10 9 8 11 17 15 16 13 14 12 19 18
8 10 9 11 14 13 12 17 16 15 19 18 1 0 4 3 2 5 7 6
4 2 3 0 1 7 6 5 8 10 9 12 11 14 13 17 16 15 19 18
8 10 9 11 14 13 12 17 16 15 19 18 3 4 1 2 0 7 6 5
13 12 15 14 17 16 19 18 1 0 4 3 2 6 5 7 9 8 11 10
7 4 5 6 1 2 3 0 13 11 12 9 10 8 15 14 17 16 19 18
9 10 8 12 11 15 14 13 17 16 19 18 2 4 3 5 0 1 7 6
12 19 14 13 16 15 18 17 11 9 10 7 8 5 6 2 3 4 0 1
12 14 13 17 16 19 18 15 0 2 1 4 3 6 5 8 7 11 10 9
9 10 8 12 11 14 13 17 16 15 19 18 7 4 5 6 0 2 1 3
9 8 11 10 13 12 16 15 14 17 19 18 0 3 2 5 4 7 6 1
10 11 8 9 6 7 4 5 1 2 3 0 14 12 13 17 16 15 19 18
0 1 7 5 6 3 4 2 10 8 9 13 12 11 15 14 17 16 19 18
12 14 13 16 15 17 19 18 11 8 9 10 6 7 4 5 2 3 0 1
0 9 2 1 4 3 6 5 8 7 11 10 18 19 16 17 14 15 12 13
0 2 1 4 3 7 6 5 18 19 16 17 14 15 11 12 13 9 10 8
8 11 10 13 12 15 14 17 16 9 19 18 7 4 5 6 1 2 3 0
11 9 10 7 8 4 5 6 2 3 0 1 19 16 17 18 13 14 15 12
18 19 12 14 13 16 15 17 10 11 8 9 5 6 7 3 4 1 2 0
5 3 4 1 2 0 7 6 9 8 11 10 12 14 13 19 16 15 18 17
12 14 13 17 16 15 19 18 0 2 1 3 5 4 7 6 9 8 11 10
12 14 13 19 16 15 18 17 2 0 1 4 3 7 6 5 9 8 11 10
15 13 14 12 19 18 17 16 0 2 1 4 3 7 6 5 9 8 11 10
16 18 17 19 13 14 15 12 11 8 9 10 6 7 4 5 2 3 0 1
12 14 13 16 15 17 19 18 10 11 8 9 6 7 4 5 1 2 3 0
1 0 3 2 5 4 7 6 19 16 17 18 14 15 12 13 10 11 8 9
8 17 10 9 12 11 14 13 16 15 19 18 0 2 1 4 3 5 7 6
0 2 1 4 3 6 5 8 7 11 10 9 15 13 14 12 18 17 16 19
0 3 2 5 4 7 6 9 8 1 11 10 18 19 16 17 14 15 12 13
17 14 15 16 12 13 19 18 1 2 0 5 4 3 7 6 9 8 11 10
8 10 9 11 13 12 16 15 14 19 18 17 7 4 5 6 1 2 3 0
0 3 2 5 4 7 6 1 8 9 11 10 14 13 12 17 16 15 19 18
9 8 12 11 10 14 13 15 17 16 19 18 7 4 5 6 0 2 1 3
7 5 6 3 4 1 2 0 8 10 9 11 13 12 15 14 17 16 19 18
8 10 9 13 12 11 15 14 17 16 19 18 2 4 3 0 1 7 6 5
15 13 14 12 17 16 19 18 2 0 1 4 3 6 5 9 8 7 11 10
13 14 12 17 16 15 19 18 1 2 0 4 3 7 6 5 9 8 11 10
12 19 14 13 16 15 18 17 0 2 1 4 3 5 7 6 9 8 11 10
12 13 15 14 17 16 19 18 1 0 3 2 5 4 7 6 9 8 11 10
0 1 4 3 2 6 5 9 8 7 11 10 19 16 17 18 14 15 12 13
0 2 1 3 5 4 7 6 9 8 11 10 12 14 13 17 16 19 18 15
15 16 13 14 12 19 18 17 10 11 8 9 5 6 7 3 4 1 2 0
3 4 1 2 0 7 6 5 13 11 12 9 10 8 15 14 17 16 19 18
12 15 14 17 16 13 19 18 11 8 9 10 6 7 4 5 2 3 0 1
19 16 17 18 12 14 13 15 1 2 0 4 3 7 6 5 9 8 11 10
8 9 11 10 13 12 16 15 14 19 18 17 0 3 2 5 4 1 7 6
15 13 14 12 17 16 19 18 1 0 3 2 5 4 7 6 9 8 11 10
0 2 1 4 3 6 5 9 8 7 11 10 14 16 15 17 12 13 19 18
8 10 9 12 11 15 14 13 17 16 19 18 3 1 2 0 6 5 4 7
3 4 0 2 1 7 6 5 9 8 11 10 13 12 15 14 17 16 19 18
1 2 0 4 3 6 5 8 7 11 10 9 12 14 13 16 15 17 19 18
2 0 1 4 3 7 6 5 9 8 11 10 17 15 16 13 14 12 19 18
13 11 12 9 10 8 15 14 17 16 19 18 7 5 6 2 3 4 0 1
12 14 13 19 16 15 18 17 0 2 1 3 6 5 4 9 8 7 11 10
1 2 0 4 3 7 6 5 8 10 9 12 11 16 15 14 13 19 18 17
4 2 3 1 0 7 6 5 19 17 18 15 16 12 13 14 10 11 8 9
13 12 15 14 17 16 19 18 0 2 1 4 3 6 5 8 7 9 11 10
0 5 2 1 4 3 7 6 18 19 15 16 17 13 14 11 12 9 10 8
8 10 9 12 11 16 15 14 13 19 18 17 7 5 6 3 4 1 2 0
0 2 1 4 3 6 5 8 7 11 10 9 12 14 13 16 15 18 17 19
0 2 1 4 3 6 5 9 8 7 11 10 12 14 13 16 15 17 19 18
3 4 0 2 1 7 6 5 9 8 11 10 14 13 12 16 15 17 19 18
10 8 9 12 11 14 13 17 16 15 19 18 3 1 2 0 7 6 5 4
4 5 1 2 3 0 7 6 8 10 9 12 11 15 14 13 19 18 17 16
0 2 1 4 3 5 7 6 9 8 11 10 16 17 12 14 13 15 19 18
8 10 9 11 14 13 12 17 16 15 19 18 2 4 3 0 1 7 6 5
8 9 12 11 10 14 13 17 16 15 19 18 7 4 5 6 2 3 0 1
2 3 0 1 5 4 7 6 9 8 11 10 19 16 17 18 14 15 12 13
19 17 18 14 15 16 12 13 10 11 8 9 0 2 1 5 4 3 7 6
6 7 4 5 2 3 0 1 9 8 11 10 15 13 14 12 18 17 16 19
2 4 3 0 1 7 6 5 18 19 16 17 13 14 15 11 12 9 10 8
3 4 0 2 1 6 5 9 8 7 11 10 14 12 13 16 15 19 18 17
13 12 15 14 17 16 19 18 0 2 1 4 3 6 5 9 8 7 11 10
18 19 16 17 14 15 12 13 10 11 8 9 0 2 1 7 4 3 6 5
7 5 6 2 3 4 0 1 8 17 10 9 12 11 14 13 16 15 19 18
4 1 2 3 0 7 6 5 8 10 9 12 11 14 13 16 15 17 19 18
0 3 2 5 4 7 6 9 8 1 11 10 12 14 13 16 15 18 17 19
0 1 3 2 6 5 4 9 8 7 11 10 16 13 14 15 12 19 18 17
4 2 3 1 0 7 6 5 8 10 9 12 11 14 13 16 15 19 18 17
19 17 18 15 16 12 13 14 10 11 8 9 0 2 1 7 4 3 6 5
14 12 13 16 15 19 18 17 10 11 8 9 5 6 7 3 4 1 2 0
11 9 10 7 8 5 6 2 3 4 0 1 12 14 13 15 17 16 19 18
17 14 15 16 12 13 19 18 8 9 6 7 4 5 2 3 0 1 11 10
0 2 1 3 5 4 7 6 18 19 16 17 14 15 12 13 10 11 8 9
12 19 14 13 16 15 18 17 2 0 1 5 4 3 7 6 9 8 11 10
0 3 2 1 5 4 7 6 9 8 11 10 19 17 18 14 15 16 12 13
12 19 14 13 16 15 18 17 4 5 2 3 0 1 7 6 9 8 11 10
14 16 15 18 17 19 12 13 11 8 9 10 6 7 4 5 2 3 0 1
0 1 3 2 5 4 7 6 9 8 11 10 13 12 15 14 17 16 19 18
10 8 9 12 11 14 13 16 15 19 18 17 3 4 0 2 1 7 6 5
8 10 9 12 11 15 14 13 19 18 17 16 3 1 2 0 6 5 4 7
11 9 10 7 8 5 6 2 3 4 0 1 12 14 13 16 15 17 19 18
14 16 15 18 17 19 12 13 5 3 4 1 2 0 7 6 9 8 11 10
11 12 8 10 9 14 13 17 16 15 19 18 3 1 2 0 6 5 4 7
16 17 14 15 12 13 10 11 8 9 19 18 0 2 1 4 3 7 6 5
0 3 2 5 4 7 6 9 8 1 11 10 12 17 14 13 16 15 19 18
8 10 9 12 11 14 13 16 15 19 18 17 2 0 1 4 3 7 6 5
5 2 3 4 0 1 7 6 10 8 9 12 11 14 13 16 15 19 18 17
1 0 3 2 6 5 4 8 7 9 11 10 13 14 12 17 16 15 19 18
12 15 14 17 16 19 18 13 10 11 8 9 6 7 4 5 2 3 0 1
15 13 14 12 17 16 19 18 0 1 3 2 5 4 7 6 9 8 11 10
15 13 14 12 18 17 16 19 0 2 1 4 3 6 5 8 7 10 9 11
2 0 1 5 4 3 7 6 9 8 11 10 15 13 14 12 17 16 19 18
19 17 18 15 16 13 14 10 11 12 8 9 7 5 6 2 3 4 0 1
12 14 13 16 15 17 19 18 1 0 3 2 5 4 8 7 6 9 11 10
15 16 13 14 12 19 18 17 0 2 1 4 3 6 5 9 8 7 11 10
8 10 9 12 11 15 14 13 18 17 16 19 7 4 5 6 0 2 1 3
13 14 12 16 15 19 18 17 0 1 3 2 5 4 8 7 6 11 10 9
9 10 8 13 12 11 15 14 17 16 19 18 0 3 2 1 5 4 7 6
0 7 2 1 4 3 6 5 9 10 8 12 11 14 13 16 15 19 18 17
0 2 1 5 4 7 6 3 11 12 8 10 9 14 13 17 16 15 19 18
3 1 2 0 5 4 7 6 8 10 9 12 11 16 15 14 13 19 18 17
18 19 16 17 14 15 11 12 13 9 10 8 4 3 1 2 0 7 6 5
1 0 4 3 2 6 5 8 7 9 11 10 12 15 14 17 16 13 19 18
8 10 9 11 14 13 12 17 16 15 19 18 0 7 2 1 4 3 6 5
8 11 10 13 12 15 14 17 16 9 19 18 4 1 2 3 0 7 6 5
16 18 17 19 13 14 15 12 0 2 1 4 3 6 5 8 7 9 11 10
0 2 1 4 3 8 7 6 5 11 10 9 12 14 13 16 15 18 17 19
1 0 4 3 2 6 5 8 7 9 11 10 12 14 13 19 16 15 18 17
10 11 8 9 13 12 15 14 17 16 19 18 4 3 1 2 0 7 6 5
0 1 3 2 5 4 8 7 6 11 10 9 18 19 16 17 14 15 12 13
0 3 2 1 5 4 7 6 9 8 11 10 19 16 17 18 14 15 12 13
0 2 1 4 3 6 5 7 8 10 9 12 11 14 13 16 15 19 18 17
0 2 1 4 3 5 7 6 8 10 9 12 11 14 13 16 15 19 18 17
8 10 9 11 13 12 15 14 17 16 19 18 5 2 3 4 0 1 7 6
19 16 17 18 14 15 12 13 1 2 0 4 3 6 5 9 8 7 11 10
10 11 8 9 5 6 7 3 4 1 2 0 18 19 16 17 14 15 12 13
9 8 12 11 10 14 13 15 17 16 19 18 7 5 6 3 4 1 2 0
18 19 15 16 17 13 14 12 0 2 1 4 3 6 5 8 7 9 11 10
16 15 13 14 12 19 18 17 0 1 3 2 5 4 7 6 9 8 11 10
8 10 9 11 13 12 16 15 14 19 18 17 7 5 6 3 4 1 2 0
1 0 4 3 2 5 7 6 8 10 9 12 11 15 14 13 17 16 19 18
10 11 8 9 5 6 7 3 4 1 2 0 12 13 19 17 18 15 16 14
5 3 4 1 2 0 7 6 8 10 9 12 11 14 13 16 15 17 19 18
8 10 9 12 11 14 13 17 16 15 19 18 6 7 0 2 1 4 3 5
12 15 14 13 17 16 19 18 2 4 3 0 1 6 5 9 8 7 11 10
3 4 0 2 1 6 5 9 8 7 11 10 12 14 13 16 15 18 17 19
5 3 4 1 2 0 7 6 9 8 11 10 17 14 15 16 12 13 19 18
10 11 8 9 5 6 7 3 4 1 2 0 15 16 12 14 13 19 18 17
2 0 1 4 3 7 6 5 8 10 9 12 11 14 13 16 15 17 19 18
6 7 4 5 2 3 0 1 18 19 15 16 17 13 14 11 12 9 10 8
1 2 0 4 3 6 5 9 8 7 11 10 12 14 13 19 16 15 18 17
0 2 1 4 3 6 5 7 8 9 11 10 13 12 15 14 17 16 19 18
12 14 13 16 15 17 19 18 0 1 3 2 6 5 4 9 8 7 11 10
0 2 1 3 5 4 7 6 19 17 18 15 16 12 13 14 10 11 8 9
2 0 1 4 3 6 5 9 8 7 11 10 14 16 15 18 17 19 12 13
10 8 9 12 11 15 14 13 17 16 19 18 3 1 2 0 6 5 4 7
16 14 15 12 13 19 18 17 0 2 1 4 3 5 7 6 9 8 11 10
11 9 10 8 13 12 15 14 17 16 19 18 0 1 3 2 5 4 7 6
1 2 0 4 3 7 6 5 9 10 8 12 11 14 13 17 16 15 19 18
12 14 13 16 15 19 18 17 0 2 1 4 3 8 7 6 5 11 10 9
0 2 1 4 3 8 7 6 5 11 10 9 12 15 14 17 16 19 18 13
6 7 4 5 2 3 0 1 9 8 11 10 14 12 13 17 16 15 19 18
0 2 1 3 5 4 7 6 9 8 11 10 16 17 12 14 13 15 19 18
16 17 14 15 12 13 19 18 0 3 2 5 4 7 6 9 8 1 11 10
0 2 1 4 3 6 5 8 7 9 11 10 14 16 15 18 17 19 12 13
3 4 0 2 1 7 6 5 13 11 12 9 10 8 15 14 17 16 19 18
0 2 1 3 6 5 4 9 8 7 11 10 12 14 13 16 15 18 17 19
19 16 17 18 14 15 12 13 2 0 1 4 3 7 6 5 9 8 11 10
0 2 1 4 3 5 7 6 9 8 11 10 19 16 17 18 14 15 12 13
2 0 1 4 3 7 6 5 9 8 11 10 16 14 15 13 12 19 18 17
8 10 9 13 12 11 15 14 17 16 19 18 3 1 2 0 5 4 7 6
19 17 18 14 15 16 12 13 10 11 8 9 6 7 4 5 2 3 0 1
19 17 18 15 16 13 14 10 11 12 8 9 0 1 3 2 5 4 7 6
9 10 8 12 11 14 13 16 15 19 18 17 0 2 1 4 3 5 7 6
14 16 15 12 13 19 18 17 2 0 1 4 3 6 5 9 8 7 11 10
2 0 1 4 3 7 6 5 9 8 11 10 15 16 13 14 12 19 18 17
15 16 13 14 12 19 18 17 11 8 9 10 6 7 4 5 2 3 0 1
1 2 0 4 3 7 6 5 8 10 9 12 11 14 13 17 16 15 19 18
0 2 1 4 3 8 7 6 5 11 10 9 16 15 13 14 12 19 18 17
3 4 1 2 0 7 6 5 8 10 9 12 11 15 14 13 19 18 17 16
18 19 16 17 14 15 12 13 10 11 8 9 7 4 5 6 0 2 1 3
10 8 9 12 11 14 13 16 15 19 18 17 2 0 1 4 3 7 6 5
1 2 0 4 3 6 5 9 8 7 11 10 13 12 16 15 14 17 19 18
8 11 10 9 13 12 15 14 17 16 19 18 1 2 0 5 4 3 7 6
19 16 17 18 14 15 12 13 8 9 6 7 4 5 2 3 0 1 11 10
14 16 15 18 17 19 12 13 1 2 0 5 4 3 7 6 9 8 11 10
16 17 12 14 13 15 19 18 0 3 2 5 4 7 6 9 8 1 11 10
8 9 11 10 13 12 15 14 17 16 19 18 0 3 2 1 5 4 7 6
12 15 14 17 16 19 18 13 8 9 6 7 4 5 2 3 0 1 11 10
9 10 8 12 11 14 13 17 16 15 19 18 4 3 1 2 0 7 6 5
15 13 14 12 18 17 16 19 3 1 2 0 5 4 7 6 9 8 11 10
7 5 6 2 3 4 0 1 18 19 16 17 14 15 11 12 13 9 10 8
13 11 12 9 10 8 15 14 17 16 19 18 4 2 3 0 1 7 6 5
10 8 9 12 11 14 13 16 15 19 18 17 3 1 2 0 5 4 7 6
8 9 11 10 13 12 16 15 14 19 18 17 3 1 2 0 6 5 4 7
8 10 9 12 11 15 14 13 19 18 17 16 1 0 3 2 5 4 7 6
8 9 6 7 4 5 2 3 0 1 11 10 19 16 17 18 14 15 12 13
10 8 9 13 12 11 15 14 17 16 19 18 6 7 0 2 1 4 3 5
8 9 11 10 13 12 15 14 17 16 19 18 0 1 3 2 5 4 7 6
8 9 12 11 10 14 13 17 16 15 19 18 7 4 5 6 1 2 3 0
13 14 12 17 16 15 19 18 11 9 10 7 8 4 5 6 2 3 0 1
12 14 13 15 17 16 19 18 1 2 0 4 3 6 5 9 8 7 11 10
0 1 3 2 6 5 4 9 8 7 11 10 19 17 18 15 16 13 14 12
5 3 4 1 2 0 7 6 9 8 11 10 18 19 12 14 13 16 15 17
16 13 14 15 12 19 18 17 0 2 1 4 3 8 7 6 5 11 10 9
10 11 8 9 5 6 7 3 4 1 2 0 12 14 13 16 15 17 19 18
2 0 1 5 4 3 7 6 8 10 9 11 13 12 15 14 17 16 19 18
13 12 15 14 17 16 19 18 0 2 1 4 3 8 7 6 5 11 10 9
4 2 3 0 1 7 6 5 16 17 14 15 12 13 10 11 8 9 19 18
18 19 16 17 14 15 12 13 10 11 8 9 6 7 4 5 2 3 0 1
5 3 4 1 2 0 7 6 9 8 11 10 16 17 13 14 15 12 19 18
0 1 3 2 5 4 7 6 18 19 16 17 14 15 12 13 9 10 11 8
18 19 16 17 14 15 11 12 13 9 10 8 2 4 3 5 0 1 7 6
16 13 14 15 12 19 18 17 11 9 10 6 7 8 4 5 2 3 0 1
8 9 11 10 13 12 16 15 14 19 18 17 7 5 6 2 3 4 0 1
2 4 3 0 1 6 5 9 8 7 11 10 19 16 17 18 14 15 12 13
19 16 17 18 12 14 13 15 0 2 1 3 5 4 7 6 9 8 11 10
19 16 17 18 12 14 13 15 5 3 4 1 2 0 7 6 9 8 11 10
18 19 15 16 17 13 14 11 12 9 10 8 0 3 2 1 5 4 7 6
0 1 3 2 5 4 7 6 11 9 10 8 13 12 15 14 17 16 19 18
8 9 11 10 13 12 16 15 14 19 18 17 5 3 4 1 2 0 7 6
12 19 14 13 16 15 18 17 11 9 10 7 8 4 5 6 2 3 0 1
19 17 18 14 15 16 12 13 0 2 1 4 3 6 5 9 8 7 11 10
3 4 0 2 1 7 6 5 9 8 12 11 10 14 13 16 15 17 19 18
1 2 0 4 3 6 5 9 8 7 11 10 12 14 13 16 15 19 18 17
15 13 14 12 18 17 16 19 2 3 0 1 5 4 7 6 9 8 11 10
0 2 1 4 3 7 6 5 11 10 9 8 12 14 13 16 15 18 17 19
0 1 3 2 5 4 7 6 10 12 11 8 9 14 13 17 16 15 19 18
8 10 9 11 13 12 16 15 14 19 18 17 6 7 0 2 1 4 3 5
5 3 4 1 2 0 7 6 10 8 9 13 12 11 15 14 17 16 19 18
2 4 3 0 1 6 5 9 8 7 11 10 19 17 18 15 16 13 14 12
14 16 15 12 13 19 18 17 1 0 3 2 6 5 4 8 7 9 11 10
7 5 6 3 4 1 2 0 9 8 11 10 13 12 15 14 17 16 19 18
12 14 13 16 15 17 19 18 2 4 3 0 1 6 5 9 8 7 11 10
15 13 14 12 19 18 17 16 0 9 2 1 4 3 6 5 8 7 11 10
1 0 3 2 5 4 7 6 9 8 11 10 19 16 17 18 14 15 12 13
1 2 0 5 4 3 7 6 10 11 8 9 13 12 15 14 17 16 19 18
9 10 8 12 11 14 13 16 15 19 18 17 0 5 2 1 4 3 7 6
6 7 0 2 1 4 3 5 18 19 16 17 13 14 15 11 12 9 10 8
10 8 9 12 11 14 13 16 15 19 18 17 4 3 1 2 0 7 6 5
3 1 2 0 5 4 7 6 9 8 11 10 12 14 13 17 16 19 18 15
8 10 9 12 11 15 14 13 18 17 16 19 0 1 3 2 5 4 7 6
4 1 2 3 0 7 6 5 19 16 17 18 14 15 12 13 10 11 8 9
3 1 2 0 5 4 7 6 9 8 11 10 12 14 13 16 15 19 18 17
0 9 2 1 4 3 6 5 8 7 11 10 18 19 12 14 13 16 15 17
2 0 1 4 3 6 5 9 8 7 11 10 12 19 14 13 16 15 18 17
0 3 2 5 4 7 6 1 19 17 18 15 16 13 14 10 11 12 8 9
10 12 11 8 9 14 13 17 16 15 19 18 7 5 6 3 4 1 2 0
19 16 17 18 12 14 13 15 1 0 3 2 6 5 4 8 7 9 11 10
0 2 1 7 4 3 6 5 13 11 12 9 10 8 15 14 17 16 19 18
4 5 2 3 0 1 7 6 9 8 11 10 16 17 13 14 15 12 19 18
16 14 15 12 13 19 18 17 11 8 9 10 6 7 4 5 2 3 0 1
0 2 1 4 3 7 6 5 9 8 11 10 13 14 12 17 16 15 19 18
8 10 9 12 11 14 13 16 15 17 19 18 6 7 4 5 1 2 3 0
4 5 1 2 3 0 7 6 10 8 9 12 11 14 13 16 15 19 18 17
16 17 13 14 15 12 19 18 10 11 8 9 5 6 7 3 4 1 2 0
0 2 1 4 3 6 5 9 8 7 11 10 19 16 17 18 14 15 12 13
0 3 2 5 4 7 6 1 13 11 12 9 10 8 15 14 17 16 19 18
0 2 1 4 3 7 6 5 11 9 10 8 13 12 15 14 17 16 19 18
18 19 16 17 13 14 15 11 12 9 10 8 2 4 3 5 0 1 7 6
0 2 1 5 4 7 6 3 8 10 9 12 11 14 13 16 15 18 17 19
14 16 15 17 12 13 19 18 0 1 4 3 2 6 5 9 8 7 11 10
13 12 15 14 17 16 19 18 0 2 1 4 3 7 6 5 10 9 8 11
14 16 15 18 17 19 12 13 3 4 0 2 1 6 5 9 8 7 11 10
16 15 13 14 12 19 18 17 8 9 6 7 4 5 2 3 0 1 11 10
4 5 1 2 3 0 7 6 14 15 12 13 10 11 8 9 17 16 19 18
12 14 13 19 16 15 18 17 1 2 0 4 3 7 6 5 9 8 11 10
0 2 1 4 3 6 5 8 7 10 9 11 14 12 13 16 15 19 18 17
11 9 10 7 8 5 6 2 3 4 0 1 14 15 12 13 17 16 19 18
19 16 17 18 13 14 15 12 0 2 1 3 6 5 4 9 8 7 11 10
8 10 9 11 13 12 16 15 14 19 18 17 1 2 0 4 3 7 6 5
5 3 4 1 2 0 7 6 16 17 14 15 12 13 10 11 8 9 19 18
8 9 11 10 13 12 16 15 14 19 18 17 2 0 1 5 4 3 7 6
2 4 3 6 5 7 0 1 19 17 18 15 16 12 13 14 10 11 8 9
2 4 3 6 5 7 0 1 19 16 17 18 14 15 12 13 10 11 8 9
8 10 9 12 11 14 13 16 15 18 17 19 2 0 1 4 3 7 6 5
2 0 1 5 4 3 7 6 9 8 11 10 12 14 13 17 16 19 18 15
2 4 3 6 5 7 0 1 9 10 8 12 11 14 13 16 15 19 18 17
14 15 12 13 10 11 8 9 17 16 19 18 0 2 1 4 3 5 7 6
8 9 11 10 14 13 12 17 16 15 19 18 2 0 1 4 3 7 6 5
7 4 5 6 1 2 3 0 18 19 15 16 17 13 14 11 12 9 10 8
1 2 0 4 3 6 5 8 7 11 10 9 19 17 18 15 16 13 14 12
9 10 8 12 11 14 13 16 15 19 18 17 1 2 0 5 4 3 7 6
2 3 0 1 5 4 7 6 10 12 11 8 9 14 13 17 16 15 19 18
3 1 2 0 5 4 7 6 8 10 9 11 14 13 12 17 16 15 19 18
2 0 1 4 3 6 5 9 8 7 11 10 19 17 18 14 15 16 12 13
8 10 9 11 14 13 12 17 16 15 19 18 6 7 4 5 1 2 3 0
2 0 1 4 3 7 6 5 9 8 11 10 14 16 15 17 12 13 19 18
4 3 1 2 0 7 6 5 9 8 11 10 14 13 12 16 15 17 19 18
5 3 4 1 2 0 7 6 9 8 11 10 12 14 13 17 16 19 18 15
15 13 14 12 19 18 17 16 1 2 0 5 4 3 7 6 9 8 11 10
11 12 8 10 9 14 13 17 16 15 19 18 4 2 3 1 0 7 6 5
17 14 15 16 12 13 19 18 11 8 9 10 6 7 4 5 2 3 0 1
19 16 17 18 14 15 12 13 10 11 8 9 2 4 3 6 5 7 0 1
0 9 2 1 4 3 6 5 8 7 11 10 18 19 15 16 17 13 14 12
12 15 14 17 16 19 18 13 6 7 4 5 2 3 0 1 9 8 11 10
8 11 10 9 13 12 15 14 17 16 19 18 2 0 1 4 3 7 6 5
0 1 4 3 2 6 5 9 8 7 11 10 13 14 12 17 16 15 19 18
11 9 10 6 7 8 4 5 2 3 0 1 15 13 14 12 19 18 17 16
0 2 1 4 3 8 7 6 5 11 10 9 18 19 15 16 17 13 14 12
14 15 12 13 17 16 19 18 11 9 10 7 8 5 6 2 3 4 0 1
9 8 11 10 13 12 16 15 14 17 19 18 0 1 3 2 5 4 7 6
14 15 12 13 10 11 8 9 17 16 19 18 4 5 2 3 0 1 7 6
12 14 13 16 15 18 17 19 5 3 4 1 2 0 7 6 9 8 11 10
8 9 6 7 4 5 2 3 0 1 11 10 12 13 15 14 17 16 19 18
19 17 18 15 16 13 14 10 11 12 8 9 3 1 2 0 6 5 4 7
2 4 3 0 1 7 6 5 10 8 9 12 11 15 14 13 17 16 19 18
8 10 9 12 11 16 15 14 13 19 18 17 0 7 2 1 4 3 6 5
19 16 17 18 14 15 12 13 1 0 4 3 2 6 5 8 7 9 11 10
0 2 1 4 3 6 5 9 8 7 11 10 19 17 18 15 16 13 14 12
17 14 15 16 12 13 19 18 1 0 3 2 5 4 7 6 9 8 11 10
12 14 13 15 17 16 19 18 1 2 0 5 4 3 7 6 9 8 11 10
6 7 4 5 1 2 3 0 14 15 12 13 10 11 8 9 17 16 19 18
0 2 1 5 4 3 7 6 8 10 9 12 11 15 14 13 18 17 16 19
14 15 12 13 10 11 8 9 17 16 19 18 4 6 5 7 1 2 3 0
2 0 1 5 4 3 7 6 19 17 18 15 16 12 13 14 10 11 8 9
12 14 13 16 15 17 19 18 10 11 8 9 6 7 4 5 2 3 0 1
8 10 9 12 11 14 13 16 15 18 17 19 0 3 2 1 5 4 7 6
0 2 1 4 3 6 5 8 7 11 10 9 19 17 18 15 16 13 14 12
12 15 14 17 16 13 19 18 0 1 3 2 6 5 4 9 8 7 11 10
18 19 15 16 17 13 14 11 12 9 10 8 0 3 2 5 4 1 7 6
9 10 8 13 12 11 15 14 17 16 19 18 6 7 3 4 5 1 2 0
4 1 2 3 0 7 6 5 9 8 11 10 13 12 16 15 14 17 19 18
0 2 1 5 4 7 6 3 8 9 11 10 13 12 15 14 17 16 19 18
3 4 1 2 0 7 6 5 10 11 8 9 13 12 15 14 17 16 19 18
8 10 9 11 13 12 15 14 17 16 19 18 6 7 3 4 5 1 2 0
1 2 0 4 3 6 5 9 8 7 11 10 15 13 14 12 18 17 16 19
0 1 3 2 5 4 7 6 8 9 11 10 13 12 15 14 17 16 19 18
9 10 8 13 12 11 15 14 17 16 19 18 4 5 0 2 1 3 7 6
0 9 2 1 4 3 6 5 8 7 11 10 15 13 14 12 17 16 19 18
8 10 9 12 11 13 15 14 17 16 19 18 2 0 1 5 4 3 7 6
0 1 3 2 5 4 7 6 9 10 8 12 11 15 14 13 17 16 19 18
12 15 14 17 16 19 18 13 1 0 3 2 5 4 8 7 6 9 11 10
10 12 11 8 9 14 13 17 16 15 19 18 0 1 3 2 5 4 7 6
0 5 2 1 4 3 7 6 8 9 11 10 13 12 16 15 14 19 18 17
0 2 1 4 3 6 5 8 7 10 9 11 16 15 13 14 12 19 18 17
12 13 15 14 17 16 19 18 0 1 3 2 5 4 7 6 9 8 11 10
18 19 12 14 13 16 15 17 11 9 10 7 8 5 6 2 3 4 0 1
12 15 14 13 17 16 19 18 0 2 1 4 3 7 6 5 9 8 11 10
1 0 4 3 2 6 5 8 7 9 11 10 19 16 17 18 12 14 13 15
19 16 17 18 13 14 15 12 11 9 10 6 7 8 4 5 2 3 0 1
1 0 4 3 2 5 7 6 18 19 16 17 14 15 11 12 13 9 10 8
7 5 6 2 3 4 0 1 18 19 15 16 17 13 14 11 12 9 10 8
9 10 8 12 11 14 13 16 15 19 18 17 0 3 2 5 4 1 7 6
0 2 1 4 3 6 5 8 7 9 11 10 13 14 12 17 16 15 19 18
2 0 1 5 4 3 7 6 9 8 11 10 13 14 12 17 16 15 19 18
0 2 1 4 3 6 5 8 7 10 9 11 12 19 14 13 16 15 18 17
8 10 9 12 11 14 13 17 16 15 19 18 0 1 3 2 5 4 7 6
1 2 0 4 3 6 5 8 7 11 10 9 15 13 14 12 18 17 16 19
12 14 13 15 17 16 19 18 10 11 8 9 6 7 3 4 5 1 2 0
5 2 3 4 0 1 7 6 10 11 8 9 13 12 15 14 17 16 19 18
8 9 12 11 10 14 13 17 16 15 19 18 1 0 3 2 5 4 7 6
18 19 16 17 13 14 15 11 12 9 10 8 1 2 0 4 3 7 6 5
18 19 16 17 13 14 15 11 12 9 10 8 7 4 5 6 1 2 3 0
19 16 17 18 13 14 15 12 0 1 3 2 5 4 7 6 9 8 11 10
0 3 2 5 4 1 7 6 9 8 12 11 10 14 13 15 17 16 19 18
19 17 18 14 15 16 12 13 10 11 8 9 5 3 4 1 2 0 7 6
8 11 10 9 13 12 15 14 17 16 19 18 6 7 4 5 2 3 0 1
19 17 18 15 16 13 14 12 11 9 10 7 8 5 6 2 3 4 0 1
8 9 11 10 14 13 12 17 16 15 19 18 1 2 0 4 3 7 6 5
12 15 14 13 17 16 19 18 1 0 3 2 5 4 8 7 6 9 11 10
8 10 9 12 11 16 15 14 13 19 18 17 0 2 1 7 4 3 6 5
0 3 2 1 5 4 7 6 10 11 8 9 13 12 15 14 17 16 19 18
3 4 1 2 0 7 6 5 9 8 11 10 13 12 16 15 14 17 19 18
6 7 4 5 1 2 3 0 8 10 9 11 13 12 16 15 14 19 18 17
2 4 3 5 0 1 7 6 9 8 12 11 10 14 13 15 17 16 19 18
19 17 18 15 16 12 13 14 10 11 8 9 4 3 1 2 0 7 6 5
7 4 5 6 0 2 1 3 9 10 8 12 11 14 13 17 16 15 19 18
1 2 0 4 3 7 6 5 18 19 16 17 14 15 12 13 10 11 8 9
1 0 3 2 5 4 7 6 9 8 11 10 12 15 14 13 17 16 19 18
0 2 1 3 6 5 4 9 8 7 11 10 17 14 15 16 12 13 19 18
0 1 3 2 5 4 7 6 9 8 11 10 15 13 14 12 17 16 19 18
18 19 16 17 14 15 11 12 13 9 10 8 2 0 1 4 3 7 6 5
10 11 7 8 9 5 6 3 4 1 2 0 16 14 15 13 12 19 18 17
10 11 8 9 13 12 15 14 17 16 19 18 1 0 3 2 5 4 7 6
0 1 3 2 5 4 7 6 9 8 11 10 12 13 15 14 17 16 19 18
1 0 3 2 5 4 7 6 9 8 11 10 13 14 12 16 15 19 18 17
1 0 3 2 6 5 4 8 7 9 11 10 15 16 12 14 13 19 18 17
18 19 15 16 17 13 14 11 12 9 10 8 2 3 0 1 5 4 7 6
8 11 10 13 12 15 14 17 16 9 19 18 0 1 7 5 6 3 4 2
18 19 16 17 14 15 11 12 13 9 10 8 7 4 5 6 0 2 1 3
19 17 18 15 16 13 14 10 11 12 8 9 1 2 0 4 3 7 6 5
12 15 14 17 16 13 19 18 1 2 0 4 3 6 5 9 8 7 11 10
2 4 3 0 1 7 6 5 10 8 9 13 12 11 15 14 17 16 19 18
0 2 1 4 3 6 5 7 8 10 9 11 14 13 12 17 16 15 19 18
3 1 2 0 5 4 7 6 8 10 9 12 11 15 14 13 18 17 16 19
12 15 14 17 16 13 19 18 1 2 0 5 4 3 7 6 9 8 11 10
8 10 9 11 13 12 16 15 14 19 18 17 2 4 3 0 1 7 6 5
18 19 12 14 13 16 15 17 0 1 4 3 2 6 5 9 8 7 11 10
12 14 13 16 15 19 18 17 2 3 0 1 5 4 7 6 9 8 11 10
19 17 18 14 15 16 12 13 1 2 0 5 4 3 7 6 9 8 11 10
1 2 0 5 4 3 7 6 8 9 11 10 13 12 15 14 17 16 19 18
10 8 9 13 12 11 15 14 17 16 19 18 6 7 4 5 1 2 3 0
2 3 0 1 5 4 7 6 8 11 10 9 13 12 15 14 17 16 19 18
2 0 1 4 3 6 5 9 8 7 11 10 16 14 15 12 13 19 18 17
0 2 1 4 3 6 5 7 8 11 10 13 12 15 14 17 16 9 19 18
10 11 8 9 6 7 3 4 5 1 2 0 19 16 17 18 14 15 12 13
0 2 1 4 3 6 5 7 8 10 9 12 11 15 14 13 18 17 16 19
17 14 15 16 12 13 19 18 1 0 4 3 2 6 5 7 9 8 11 10
2 3 0 1 5 4 7 6 9 8 11 10 13 14 12 16 15 19 18 17
2 4 3 6 5 7 0 1 11 9 10 8 13 12 15 14 17 16 19 18
10 11 8 9 6 7 4 5 2 3 0 1 12 17 14 13 16 15 19 18
9 10 8 12 11 15 14 13 17 16 19 18 2 4 3 0 1 7 6 5
4 1 2 3 0 7 6 5 9 10 8 12 11 14 13 17 16 15 19 18
2 4 3 0 1 7 6 5 9 8 11 10 14 13 12 16 15 17 19 18
15 16 12 14 13 19 18 17 2 4 3 0 1 6 5 9 8 7 11 10
5 2 3 4 0 1 7 6 8 10 9 12 11 14 13 16 15 19 18 17
6 7 4 5 1 2 3 0 9 8 11 10 13 12 15 14 17 16 19 18
12 14 13 19 16 15 18 17 3 4 0 2 1 6 5 9 8 7 11 10
12 14 13 16 15 19 18 17 0 2 1 4 3 7 6 5 10 9 8 11
0 2 1 4 3 5 7 6 9 8 11 10 15 13 14 12 19 18 17 16
8 10 9 11 13 12 15 14 17 16 19 18 2 4 3 5 0 1 7 6
1 2 0 4 3 6 5 9 8 7 11 10 15 16 13 14 12 19 18 17
16 14 15 13 12 19 18 17 1 2 0 4 3 7 6 5 9 8 11 10
16 17 13 14 15 12 19 18 2 0 1 5 4 3 7 6 9 8 11 10
4 2 3 1 0 7 6 5 8 10 9 12 11 14 13 16 15 17 19 18
15 16 12 14 13 19 18 17 8 9 6 7 4 5 2 3 0 1 11 10
1 2 0 4 3 6 5 9 8 7 11 10 12 15 14 13 17 16 19 18
10 12 11 8 9 14 13 17 16 15 19 18 5 2 3 4 0 1 7 6
6 7 3 4 5 1 2 0 8 9 11 10 14 13 12 17 16 15 19 18
2 3 0 1 5 4 7 6 9 8 11 10 12 19 14 13 16 15 18 17
19 17 18 15 16 13 14 12 10 11 8 9 6 7 4 5 1 2 3 0
16 13 14 15 12 19 18 17 1 2 0 5 4 3 7 6 9 8 11 10
4 2 3 1 0 7 6 5 8 9 11 10 13 12 16 15 14 19 18 17
17 14 15 16 12 13 19 18 0 1 4 3 2 6 5 9 8 7 11 10
10 8 9 13 12 11 15 14 17 16 19 18 0 3 2 5 4 1 7 6
3 4 0 2 1 7 6 5 12 13 10 11 8 9 15 14 17 16 19 18
8 9 11 10 13 12 16 15 14 19 18 17 5 2 3 4 0 1 7 6
2 3 0 1 5 4 7 6 9 8 11 10 16 13 14 15 12 19 18 17
7 4 5 6 2 3 0 1 19 17 18 15 16 13 14 10 11 12 8 9
16 17 13 14 15 12 19 18 3 4 0 2 1 6 5 9 8 7 11 10
8 10 9 11 13 12 15 14 17 16 19 18 2 4 3 0 1 7 6 5
13 14 12 17 16 15 19 18 1 0 3 2 5 4 8 7 6 9 11 10
8 17 10 9 12 11 14 13 16 15 19 18 1 2 0 4 3 7 6 5
12 13 15 14 17 16 19 18 0 2 1 3 5 4 7 6 9 8 11 10
0 1 3 2 5 4 7 6 10 11 8 9 13 12 15 14 17 16 19 18
19 16 17 18 12 14 13 15 1 0 3 2 5 4 7 6 9 8 11 10
8 10 9 12 11 16 15 14 13 19 18 17 2 4 3 0 1 7 6 5
0 2 1 5 4 7 6 3 8 10 9 12 11 14 13 16 15 19 18 17
13 14 12 16 15 19 18 17 0 1 3 2 6 5 4 9 8 7 11 10
8 10 9 12 11 13 15 14 17 16 19 18 4 5 0 2 1 3 7 6
16 17 12 14 13 15 19 18 0 2 1 4 3 6 5 8 7 11 10 9
14 16 15 17 12 13 19 18 1 0 3 2 6 5 4 8 7 9 11 10
13 11 12 9 10 8 15 14 17 16 19 18 4 3 1 2 0 7 6 5
4 5 2 3 0 1 7 6 9 10 8 12 11 14 13 16 15 19 18 17
13 14 12 16 15 19 18 17 0 2 1 3 6 5 4 9 8 7 11 10
18 19 16 17 14 15 12 13 9 10 11 8 4 5 0 2 1 3 7 6
15 13 14 12 17 16 19 18 10 11 8 9 5 6 7 3 4 1 2 0
1 2 0 4 3 6 5 9 8 7 11 10 12 15 14 17 16 13 19 18
12 14 13 19 16 15 18 17 8 9 6 7 4 5 2 3 0 1 11 10
12 14 13 16 15 18 17 19 0 3 2 1 5 4 7 6 9 8 11 10
0 2 1 4 3 6 5 8 7 10 9 11 13 12 15 14 17 16 19 18
4 5 2 3 0 1 7 6 8 10 9 11 13 12 16 15 14 19 18 17
19 17 18 14 15 16 12 13 10 11 8 9 7 4 5 6 1 2 3 0
17 15 16 13 14 12 19 18 0 1 3 2 5 4 7 6 9 8 11 10
1 0 3 2 6 5 4 8 7 9 11 10 15 16 13 14 12 19 18 17
2 4 3 0 1 6 5 9 8 7 11 10 12 17 14 13 16 15 19 18
8 10 9 11 13 12 15 14 17 16 19 18 4 6 5 7 1 2 3 0
0 3 2 1 5 4 7 6 9 8 11 10 15 16 13 14 12 19 18 17
8 10 9 12 11 14 13 17 16 15 19 18 1 2 0 4 3 7 6 5
9 8 11 10 13 12 16 15 14 17 19 18 4 5 2 3 0 1 7 6
2 4 3 5 0 1 7 6 9 8 12 11 10 14 13 16 15 17 19 18
0 2 1 4 3 7 6 5 9 8 11 10 13 12 16 15 14 17 19 18
13 14 12 17 16 15 19 18 2 3 0 1 5 4 7 6 9 8 11 10
9 8 11 10 14 13 12 16 15 17 19 18 5 3 4 1 2 0 7 6
0 2 1 7 4 3 6 5 8 10 9 12 11 15 14 13 17 16 19 18
19 16 17 18 14 15 12 13 10 11 8 9 2 4 3 0 1 7 6 5
19 16 17 18 12 14 13 15 0 2 1 5 4 3 7 6 9 8 11 10
0 2 1 4 3 7 6 5 9 8 11 10 16 15 13 14 12 19 18 17
0 2 1 4 3 6 5 8 7 9 11 10 18 19 16 17 13 14 15 12
14 16 15 17 12 13 19 18 10 11 8 9 6 7 3 4 5 1 2 0
4 5 1 2 3 0 7 6 8 9 11 10 14 13 12 17 16 15 19 18
12 13 15 14 17 16 19 18 0 2 1 4 3 6 5 9 8 7 11 10
2 0 1 4 3 6 5 8 7 11 10 9 12 15 14 13 17 16 19 18
12 13 10 11 8 9 15 14 17 16 19 18 0 2 1 3 5 4 7 6
8 9 6 7 4 5 2 3 0 1 11 10 13 12 16 15 14 17 19 18
0 2 1 3 6 5 4 9 8 7 11 10 14 12 13 16 15 19 18 17
2 3 0 1 5 4 7 6 9 8 11 10 14 16 15 17 12 13 19 18
2 0 1 4 3 6 5 9 8 7 11 10 16 13 14 15 12 19 18 17
0 3 2 5 4 1 7 6 8 10 9 11 13 12 15 14 17 16 19 18
8 10 9 12 11 14 13 16 15 17 19 18 6 7 3 4 5 1 2 0
16 14 15 13 12 19 18 17 0 3 2 1 5 4 7 6 9 8 11 10
2 0 1 4 3 7 6 5 8 10 9 11 13 12 15 14 17 16 19 18
0 2 1 3 6 5 4 9 8 7 11 10 14 16 15 17 12 13 19 18
15 16 13 14 12 19 18 17 2 4 3 0 1 6 5 9 8 7 11 10
2 4 3 6 5 7 0 1 19 17 18 14 15 16 12 13 10 11 8 9
8 11 10 9 13 12 15 14 17 16 19 18 7 4 5 6 0 2 1 3
11 9 10 7 8 5 6 2 3 4 0 1 14 16 15 18 17 19 12 13
16 15 13 14 12 19 18 17 11 8 9 10 6 7 4 5 2 3 0 1
16 18 17 19 13 14 15 12 1 0 3 2 5 4 8 7 6 9 11 10
18 19 16 17 14 15 12 13 9 10 11 8 0 3 2 1 5 4 7 6
6 7 0 2 1 4 3 5 9 8 12 11 10 14 13 16 15 17 19 18
10 11 7 8 9 5 6 3 4 1 2 0 14 12 13 17 16 15 19 18
13 14 12 17 16 15 19 18 0 2 1 4 3 5 7 6 9 8 11 10
11 9 10 7 8 4 5 6 2 3 0 1 15 16 13 14 12 19 18 17
11 12 8 10 9 14 13 17 16 15 19 18 0 3 2 5 4 7 6 1
3 1 2 0 6 5 4 7 8 10 9 12 11 15 14 13 18 17 16 19
2 0 1 4 3 6 5 9 8 7 11 10 18 19 12 14 13 16 15 17
8 9 11 10 13 12 16 15 14 19 18 17 6 7 4 5 2 3 0 1
13 12 16 15 14 17 19 18 0 2 1 3 5 4 7 6 9 8 11 10
16 17 12 14 13 15 19 18 0 1 3 2 6 5 4 9 8 7 11 10
12 14 13 17 16 15 19 18 1 2 0 4 3 6 5 9 8 7 11 10
3 1 2 0 6 5 4 7 8 9 11 10 13 12 16 15 14 19 18 17
1 0 4 3 2 6 5 8 7 9 11 10 16 13 14 15 12 19 18 17
18 19 16 17 13 14 15 11 12 9 10 8 3 1 2 0 5 4 7 6
6 7 4 5 1 2 3 0 8 10 9 12 11 14 13 16 15 18 17 19
2 4 3 0 1 6 5 9 8 7 11 10 16 17 12 14 13 15 19 18
8 11 10 9 13 12 15 14 17 16 19 18 0 2 1 4 3 7 6 5
7 4 5 6 0 2 1 3 9 8 12 11 10 14 13 15 17 16 19 18
0 3 2 5 4 1 7 6 8 10 9 12 11 14 13 17 16 15 19 18
12 13 19 17 18 15 16 14 0 2 1 3 5 4 7 6 9 8 11 10
0 2 1 7 4 3 6 5 18 19 15 16 17 13 14 11 12 9 10 8
8 10 9 12 11 14 13 17 16 15 19 18 3 4 0 2 1 7 6 5
14 16 15 17 12 13 19 18 0 2 1 3 6 5 4 9 8 7 11 10
2 0 1 4 3 6 5 8 7 11 10 9 12 15 14 17 16 19 18 13
8 10 9 11 13 12 15 14 17 16 19 18 0 2 1 4 3 7 6 5
16 17 14 15 12 13 19 18 3 4 0 2 1 6 5 9 8 7 11 10
1 0 3 2 6 5 4 8 7 9 11 10 19 16 17 18 12 14 13 15
11 9 10 6 7 8 4 5 2 3 0 1 14 16 15 17 12 13 19 18
0 2 1 7 4 3 6 5 8 10 9 12 11 16 15 14 13 19 18 17
18 19 16 17 14 15 12 13 9 10 11 8 1 2 0 5 4 3 7 6
16 17 12 14 13 15 19 18 11 9 10 7 8 5 6 2 3 4 0 1
12 14 13 16 15 19 18 17 1 0 3 2 5 4 7 6 9 8 11 10
1 2 0 4 3 6 5 8 7 11 10 9 17 14 15 16 12 13 19 18
0 2 1 4 3 7 6 5 10 9 8 11 14 12 13 16 15 19 18 17
12 15 14 13 17 16 19 18 1 0 4 3 2 6 5 7 9 8 11 10
12 14 13 16 15 18 17 19 11 9 10 7 8 5 6 2 3 4 0 1
9 10 8 13 12 11 15 14 17 16 19 18 2 4 3 5 0 1 7 6
4 1 2 3 0 7 6 5 8 10 9 12 11 13 15 14 17 16 19 18
16 17 12 14 13 15 19 18 10 11 8 9 6 7 4 5 2 3 0 1
0 1 4 3 2 6 5 9 8 7 11 10 15 13 14 12 18 17 16 19
2 0 1 5 4 3 7 6 9 8 11 10 12 15 14 17 16 13 19 18
19 17 18 14 15 16 12 13 0 2 1 3 6 5 4 9 8 7 11 10
12 13 10 11 8 9 15 14 17 16 19 18 6 7 3 4 5 1 2 0
16 14 15 12 13 19 18 17 1 0 4 3 2 6 5 8 7 9 11 10
12 13 19 17 18 15 16 14 2 4 3 0 1 6 5 9 8 7 11 10
19 16 17 18 14 15 12 13 10 11 8 9 0 2 1 5 4 7 6 3
16 17 14 15 12 13 10 11 8 9 19 18 0 2 1 5 4 7 6 3
0 2 1 3 5 4 7 6 10 12 11 8 9 14 13 17 16 15 19 18
12 17 14 13 16 15 19 18 2 0 1 4 3 6 5 8 7 11 10 9
1 0 4 3 2 5 7 6 10 8 9 13 12 11 15 14 17 16 19 18
9 8 12 11 10 14 13 16 15 17 19 18 0 2 1 4 3 6 5 7
3 1 2 0 7 6 5 4 19 17 18 14 15 16 12 13 10 11 8 9
2 4 3 0 1 7 6 5 8 11 10 13 12 15 14 17 16 9 19 18
12 17 14 13 16 15 19 18 0 3 2 5 4 7 6 9 8 1 11 10
11 9 10 8 13 12 15 14 17 16 19 18 3 1 2 0 5 4 7 6
15 16 13 14 12 19 18 17 0 3 2 5 4 7 6 9 8 1 11 10
19 16 17 18 12 14 13 15 0 1 3 2 5 4 8 7 6 11 10 9
0 9 2 1 4 3 6 5 8 7 11 10 19 16 17 18 12 14 13 15
11 9 10 7 8 4 5 6 2 3 0 1 15 13 14 12 17 16 19 18
7 5 6 3 4 1 2 0 9 8 12 11 10 14 13 15 17 16 19 18
8 10 9 13 12 11 15 14 17 16 19 18 0 2 1 4 3 5 7 6
11 9 10 8 13 12 15 14 17 16 19 18 5 3 4 1 2 0 7 6
12 14 13 15 17 16 19 18 0 2 1 3 5 4 7 6 9 8 11 10
0 3 2 1 5 4 7 6 9 8 11 10 16 18 17 19 13 14 15 12
8 10 9 12 11 16 15 14 13 19 18 17 5 3 4 1 2 0 7 6
1 2 0 5 4 3 7 6 9 8 11 10 15 13 14 12 17 16 19 18
4 2 3 0 1 7 6 5 8 10 9 12 11 15 14 13 19 18 17 16
1 0 4 3 2 6 5 8 7 9 11 10 18 19 12 14 13 16 15 17
1 0 4 3 2 6 5 8 7 9 11 10 18 19 15 16 17 13 14 12
5 2 3 4 0 1 7 6 10 8 9 12 11 14 13 17 16 15 19 18
16 17 12 14 13 15 19 18 2 4 3 0 1 6 5 9 8 7 11 10
0 3 2 1 5 4 7 6 18 19 15 16 17 13 14 11 12 9 10 8
8 10 9 12 11 15 14 13 18 17 16 19 2 0 1 5 4 3 7 6
0 1 3 2 5 4 7 6 14 15 12 13 10 11 8 9 17 16 19 18
8 11 10 9 13 12 15 14 17 16 19 18 1 0 3 2 5 4 7 6
12 14 13 16 15 18 17 19 1 0 4 3 2 6 5 7 9 8 11 10
16 17 13 14 15 12 19 18 0 2 1 4 3 8 7 6 5 11 10 9
16 17 12 14 13 15 19 18 2 0 1 4 3 7 6 5 9 8 11 10
2 0 1 4 3 7 6 5 8 9 11 10 13 12 16 15 14 19 18 17
0 2 1 4 3 7 6 5 11 10 9 8 16 17 12 14 13 15 19 18
1 0 3 2 5 4 8 7 6 9 11 10 12 13 15 14 17 16 19 18
3 4 0 2 1 6 5 9 8 7 11 10 19 16 17 18 13 14 15 12
12 14 13 16 15 18 17 19 0 2 1 4 3 5 7 6 9 8 11 10
2 4 3 5 0 1 7 6 9 10 8 12 11 15 14 13 17 16 19 18
13 12 16 15 14 17 19 18 2 0 1 4 3 7 6 5 9 8 11 10
4 6 5 7 1 2 3 0 8 10 9 11 14 13 12 17 16 15 19 18
0 2 1 3 6 5 4 9 8 7 11 10 14 15 12 13 17 16 19 18
10 8 9 13 12 11 15 14 17 16 19 18 2 4 3 0 1 7 6 5
8 10 9 12 11 14 13 16 15 19 18 17 4 3 1 2 0 7 6 5
9 10 8 12 11 15 14 13 17 16 19 18 3 1 2 0 6 5 4 7
18 19 16 17 14 15 12 13 6 7 4 5 2 3 0 1 9 8 11 10
0 2 1 4 3 6 5 8 7 11 10 9 16 17 14 15 12 13 19 18
9 8 12 11 10 14 13 16 15 17 19 18 3 1 2 0 7 6 5 4
0 2 1 5 4 3 7 6 9 8 11 10 19 17 18 14 15 16 12 13
1 0 3 2 5 4 8 7 6 9 11 10 16 17 13 14 15 12 19 18
12 15 14 17 16 19 18 13 0 2 1 4 3 5 7 6 9 8 11 10
10 11 7 8 9 5 6 3 4 1 2 0 16 17 12 14 13 15 19 18
1 0 4 3 2 6 5 8 7 9 11 10 12 14 13 16 15 18 17 19
8 10 9 11 14 13 12 17 16 15 19 18 4 2 3 0 1 7 6 5
13 12 16 15 14 17 19 18 0 3 2 1 5 4 7 6 9 8 11 10
5 2 3 4 0 1 7 6 11 9 10 8 13 12 15 14 17 16 19 18
11 12 8 10 9 14 13 17 16 15 19 18 3 1 2 0 5 4 7 6
12 14 13 16 15 17 19 18 0 3 2 5 4 7 6 9 8 1 11 10
0 3 2 1 5 4 7 6 8 10 9 11 13 12 16 15 14 19 18 17
3 4 0 2 1 6 5 9 8 7 11 10 12 14 13 15 17 16 19 18
0 2 1 5 4 7 6 3 8 10 9 12 11 14 13 17 16 15 19 18
8 9 6 7 4 5 2 3 0 1 11 10 16 15 13 14 12 19 18 17
12 14 13 17 16 19 18 15 11 9 10 7 8 4 5 6 2 3 0 1
8 10 9 12 11 14 13 16 15 17 19 18 4 2 3 0 1 7 6 5
12 13 15 14 17 16 19 18 1 2 0 4 3 6 5 9 8 7 11 10
1 0 3 2 5 4 7 6 19 17 18 15 16 13 14 10 11 12 8 9
19 16 17 18 13 14 15 12 2 0 1 4 3 6 5 8 7 11 10 9
2 0 1 5 4 3 7 6 8 10 9 11 13 12 16 15 14 19 18 17
18 19 15 16 17 13 14 11 12 9 10 8 2 4 3 5 0 1 7 6
0 5 2 1 4 3 7 6 9 8 11 10 14 13 12 16 15 17 19 18
7 5 6 2 3 4 0 1 8 9 12 11 10 14 13 17 16 15 19 18
0 2 1 4 3 6 5 7 8 9 12 11 10 14 13 17 16 15 19 18
1 2 0 4 3 7 6 5 19 16 17 18 14 15 12 13 10 11 8 9
