0 2 1 5 4 7 6 3 23 20 21 22 18 19 16 17 14 15 8 10 9 12 11 13
18 19 16 17 21 20 23 22 0 2 1 3 5 4 7 6 12 13 10 11 8 9 15 14
2 3 0 1 5 4 7 6 16 18 17 20 19 22 21 23 14 15 8 10 9 12 11 13
11 9 10 8 13 12 15 14 17 18 16 20 19 23 22 21 6 7 3 4 5 1 2 0
1 0 3 2 5 4 7 6 11 9 10 8 13 12 15 14 23 21 22 19 20 17 18 16
8 9 11 10 13 12 15 14 19 17 18 16 21 20 23 22 0 2 1 4 3 7 6 5
8 10 9 11 13 12 15 14 20 21 18 19 16 17 23 22 7 4 5 6 2 3 0 1
8 11 10 9 13 12 15 14 17 16 19 18 21 20 23 22 1 0 3 2 5 4 7 6
0 2 1 4 3 5 7 6 10 12 11 14 13 15 8 9 18 16 17 21 20 19 23 22
13 11 12 9 10 8 15 14 18 20 19 21 16 17 23 22 7 4 5 6 1 2 3 0
7 5 6 3 4 1 2 0 8 10 9 11 13 12 15 14 20 21 16 18 17 19 23 22
2 4 3 0 1 7 6 5 14 15 12 13 9 10 11 8 16 18 17 20 19 21 23 22
0 3 2 1 5 4 7 6 11 9 10 8 13 12 15 14 19 17 18 16 21 20 23 22
1 0 3 2 5 4 7 6 8 10 9 12 11 13 15 14 23 20 21 22 18 19 16 17
20 18 19 17 16 23 22 21 3 1 2 0 5 4 7 6 11 9 10 8 13 12 15 14
0 3 2 5 4 7 6 1 8 10 9 12 11 13 15 14 16 18 17 20 19 22 21 23
6 7 4 5 1 2 3 0 8 10 9 12 11 13 15 14 18 20 19 16 17 23 22 21
16 18 17 21 20 23 22 19 0 2 1 5 4 3 7 6 9 8 11 10 13 12 15 14
7 4 5 6 0 2 1 3 8 10 9 12 11 13 15 14 22 23 16 18 17 20 19 21
19 17 18 16 21 20 23 22 2 4 3 5 0 1 7 6 9 8 11 10 13 12 15 14
4 6 5 7 1 2 3 0 23 21 22 19 20 17 18 16 8 10 9 12 11 14 13 15
6 7 4 5 2 3 0 1 10 11 8 9 13 12 15 14 17 16 19 18 21 20 23 22
20 21 18 19 16 17 23 22 3 1 2 0 5 4 7 6 8 11 10 9 13 12 15 14
1 0 3 2 5 4 7 6 8 9 11 10 13 12 15 14 18 16 17 21 20 19 23 22
8 10 9 11 13 12 15 14 19 17 18 16 21 20 23 22 4 5 1 2 3 0 7 6
8 10 9 13 12 11 15 14 16 18 17 20 19 21 23 22 6 7 0 2 1 4 3 5
8 10 9 11 13 12 15 14 19 17 18 16 21 20 23 22 3 1 2 0 7 6 5 4
16 18 17 21 20 19 23 22 4 1 2 3 0 7 6 5 9 8 11 10 13 12 15 14
0 2 1 4 3 5 7 6 8 10 9 12 11 14 13 15 16 18 17 20 19 22 21 23
20 19 17 18 16 23 22 21 2 3 0 1 5 4 7 6 8 13 10 9 12 11 15 14
0 2 1 5 4 3 7 6 8 10 9 12 11 13 15 14 18 20 19 22 21 23 16 17
0 3 2 1 5 4 7 6 11 9 10 8 13 12 15 14 17 18 16 20 19 23 22 21
0 3 2 5 4 7 6 1 11 9 10 8 13 12 15 14 17 18 16 20 19 23 22 21
2 0 1 4 3 7 6 5 8 9 11 10 13 12 15 14 18 20 19 21 16 17 23 22
0 1 3 2 5 4 7 6 8 10 9 11 13 12 15 14 16 18 17 21 20 23 22 19
3 1 2 0 5 4 7 6 8 9 11 10 13 12 15 14 19 17 18 16 21 20 23 22
20 17 18 19 16 23 22 21 15 13 14 11 12 9 10 8 0 2 1 4 3 6 5 7
23 21 22 19 20 17 18 16 14 15 8 10 9 12 11 13 0 2 1 4 3 6 5 7
0 2 1 3 5 4 7 6 10 12 11 13 8 9 15 14 17 16 19 18 21 20 23 22
20 22 21 23 17 18 19 16 0 2 1 7 4 3 6 5 9 8 11 10 13 12 15 14
6 7 4 5 2 3 0 1 8 10 9 13 12 15 14 11 16 18 17 20 19 22 21 23
6 7 4 5 1 2 3 0 8 10 9 12 11 13 15 14 20 17 18 19 16 23 22 21
3 1 2 0 7 6 5 4 8 10 9 12 11 13 15 14 22 23 16 18 17 20 19 21
14 15 12 13 10 11 8 9 0 2 1 4 3 6 5 7 16 19 18 21 20 17 23 22
0 1 3 2 5 4 7 6 8 10 9 11 13 12 15 14 16 18 17 20 19 22 21 23
8 9 11 10 13 12 15 14 16 18 17 19 21 20 23 22 0 7 2 1 4 3 6 5
16 18 17 20 19 22 21 23 0 2 1 4 3 6 5 7 10 12 11 13 8 9 15 14
9 8 11 10 13 12 15 14 16 18 17 20 19 22 21 23 4 2 3 1 0 7 6 5
0 2 1 7 4 3 6 5 8 10 9 12 11 15 14 13 20 21 16 18 17 19 23 22
8 10 9 12 11 15 14 13 20 21 16 18 17 19 23 22 0 2 1 7 4 3 6 5
3 1 2 0 5 4 7 6 8 11 10 9 13 12 15 14 16 18 17 20 19 22 21 23
1 2 0 4 3 7 6 5 13 11 12 9 10 8 15 14 18 20 19 21 16 17 23 22
0 2 1 5 4 3 7 6 8 10 9 12 11 13 15 14 16 18 17 20 19 22 21 23
0 1 3 2 5 4 7 6 11 9 10 8 13 12 15 14 20 21 18 19 16 17 23 22
5 2 3 4 0 1 7 6 9 8 11 10 13 12 15 14 16 18 17 20 19 22 21 23
8 10 9 12 11 14 13 15 21 18 19 20 16 17 23 22 1 2 0 5 4 3 7 6
15 13 14 11 12 9 10 8 16 18 17 19 21 20 23 22 6 7 4 5 1 2 3 0
1 0 3 2 5 4 7 6 8 9 11 10 13 12 15 14 20 21 16 18 17 19 23 22
0 2 1 4 3 6 5 7 13 10 11 12 8 9 15 14 16 17 19 18 21 20 23 22
4 5 0 2 1 3 7 6 8 10 9 12 11 14 13 15 18 20 19 21 16 17 23 22
16 17 23 21 22 19 20 18 0 2 1 4 3 6 5 7 13 10 11 12 8 9 15 14
15 13 14 11 12 9 10 8 6 7 0 2 1 4 3 5 23 20 21 22 18 19 16 17
4 1 2 3 0 7 6 5 9 8 11 10 13 12 15 14 17 16 19 18 21 20 23 22
8 10 9 12 11 14 13 15 20 21 16 18 17 19 23 22 7 4 5 6 1 2 3 0
1 0 3 2 5 4 7 6 9 8 11 10 13 12 15 14 16 18 17 19 21 20 23 22
0 2 1 5 4 3 7 6 9 8 11 10 13 12 15 14 21 19 20 17 18 16 23 22
16 19 18 21 20 23 22 17 7 5 6 3 4 1 2 0 8 10 9 11 13 12 15 14
8 10 9 12 11 14 13 15 18 20 19 21 16 17 23 22 7 5 6 2 3 4 0 1
10 11 8 9 13 12 15 14 17 16 19 18 21 20 23 22 0 2 1 3 5 4 7 6
18 19 16 17 21 20 23 22 6 7 4 5 1 2 3 0 8 10 9 12 11 13 15 14
8 10 9 12 11 13 15 14 16 18 17 20 19 22 21 23 0 2 1 4 3 6 5 7
8 10 9 12 11 14 13 15 7 5 6 3 4 1 2 0 19 20 17 18 16 23 22 21
15 13 14 11 12 9 10 8 0 2 1 4 3 6 5 7 16 18 17 21 20 23 22 19
19 17 18 16 22 21 20 23 0 1 3 2 5 4 7 6 8 10 9 11 13 12 15 14
1 0 3 2 5 4 7 6 11 9 10 8 13 12 15 14 20 21 17 18 19 16 23 22
14 15 12 13 10 11 8 9 0 2 1 4 3 6 5 7 18 20 19 22 21 23 16 17
1 0 3 2 5 4 7 6 11 9 10 8 13 12 15 14 20 21 18 19 16 17 23 22
17 18 16 21 20 19 23 22 1 0 3 2 5 4 7 6 8 10 9 11 13 12 15 14
8 10 9 15 12 11 14 13 16 18 17 20 19 23 22 21 7 5 6 2 3 4 0 1
9 10 8 13 12 11 15 14 17 16 19 18 21 20 23 22 0 2 1 4 3 5 7 6
16 18 17 20 19 22 21 23 15 13 14 11 12 9 10 8 0 2 1 4 3 6 5 7
3 4 1 2 0 7 6 5 23 21 22 19 20 17 18 16 8 10 9 12 11 14 13 15
18 16 17 20 19 23 22 21 0 2 1 4 3 6 5 7 10 12 11 14 13 15 8 9
8 10 9 11 13 12 15 14 19 17 18 16 21 20 23 22 0 1 3 2 5 4 7 6
1 0 4 3 2 5 7 6 13 11 12 9 10 8 15 14 18 20 19 21 16 17 23 22
0 2 1 4 3 6 5 7 8 10 9 13 12 15 14 11 16 18 17 20 19 22 21 23
6 7 4 5 2 3 0 1 9 10 8 12 11 15 14 13 17 16 19 18 21 20 23 22
16 19 18 21 20 17 23 22 7 5 6 3 4 1 2 0 8 10 9 11 13 12 15 14
3 1 2 0 6 5 4 7 8 10 9 12 11 14 13 15 21 18 19 20 16 17 23 22
18 20 19 16 17 23 22 21 0 2 1 4 3 7 6 5 8 10 9 12 11 13 15 14
8 10 9 12 11 15 14 13 16 18 17 20 19 21 23 22 0 1 3 2 5 4 7 6
15 13 14 11 12 9 10 8 16 18 17 19 21 20 23 22 0 2 1 4 3 7 6 5
17 18 16 21 20 19 23 22 0 2 1 7 4 3 6 5 9 8 11 10 13 12 15 14
2 3 0 1 5 4 7 6 13 11 12 9 10 8 15 14 18 20 19 21 16 17 23 22
0 2 1 5 4 7 6 3 8 10 9 12 11 14 13 15 20 21 16 18 17 19 23 22
4 3 1 2 0 7 6 5 23 20 21 22 18 19 16 17 14 15 8 10 9 12 11 13
6 7 4 5 1 2 3 0 8 10 9 12 11 15 14 13 20 21 16 18 17 19 23 22
16 18 17 19 21 20 23 22 14 15 12 13 10 11 8 9 2 4 3 6 5 7 0 1
17 16 19 18 21 20 23 22 3 1 2 0 5 4 7 6 9 10 8 12 11 15 14 13
0 2 1 5 4 3 7 6 8 10 9 12 11 13 15 14 23 20 21 22 17 18 19 16
9 8 11 10 13 12 15 14 16 18 17 19 21 20 23 22 2 0 1 5 4 3 7 6
0 2 1 4 3 5 7 6 8 10 9 12 11 14 13 15 17 16 19 18 21 20 23 22
0 2 1 3 5 4 7 6 11 9 10 8 13 12 15 14 18 19 16 17 21 20 23 22
8 10 9 12 11 14 13 15 18 20 19 21 16 17 23 22 0 2 1 4 3 6 5 7
16 18 17 23 20 19 22 21 0 2 1 3 5 4 7 6 12 13 10 11 8 9 15 14
0 2 1 5 4 3 7 6 9 8 11 10 13 12 15 14 16 19 18 21 20 23 22 17
8 10 9 12 11 13 15 14 16 18 17 21 20 19 23 22 2 3 0 1 5 4 7 6
0 2 1 4 3 5 7 6 14 15 8 10 9 12 11 13 19 20 16 18 17 23 22 21
1 0 3 2 5 4 7 6 8 9 11 10 13 12 15 14 16 18 17 21 20 19 23 22
21 19 20 17 18 16 23 22 2 3 0 1 5 4 7 6 8 13 10 9 12 11 15 14
13 11 12 9 10 8 15 14 18 20 19 21 16 17 23 22 1 0 3 2 5 4 7 6
8 10 9 12 11 15 14 13 16 18 17 20 19 21 23 22 4 5 2 3 0 1 7 6
8 10 9 12 11 13 15 14 16 18 17 21 20 19 23 22 0 2 1 4 3 6 5 7
0 2 1 4 3 6 5 7 13 10 11 12 8 9 15 14 16 18 17 19 21 20 23 22
7 4 5 6 2 3 0 1 8 10 9 12 11 15 14 13 16 18 17 20 19 21 23 22
19 17 18 16 21 20 23 22 0 2 1 4 3 5 7 6 8 10 9 13 12 11 15 14
0 7 2 1 4 3 6 5 9 10 8 13 12 11 15 14 17 16 19 18 21 20 23 22
0 2 1 4 3 5 7 6 14 15 8 10 9 12 11 13 18 19 16 17 21 20 23 22
7 5 6 3 4 1 2 0 8 10 9 12 11 14 13 15 20 21 16 18 17 19 23 22
0 1 3 2 5 4 7 6 8 10 9 11 13 12 15 14 18 16 17 21 20 19 23 22
18 20 19 21 16 17 23 22 1 0 3 2 5 4 7 6 8 10 9 11 13 12 15 14
2 4 3 5 0 1 7 6 9 8 11 10 13 12 15 14 17 16 20 19 18 21 23 22
8 10 9 11 13 12 15 14 18 20 19 21 16 17 23 22 4 2 3 0 1 7 6 5
17 16 20 19 18 21 23 22 15 12 13 14 10 11 8 9 6 7 0 2 1 4 3 5
0 2 1 5 4 7 6 3 9 8 11 10 13 12 15 14 16 18 17 21 20 19 23 22
20 21 17 18 19 16 23 22 4 1 2 3 0 7 6 5 9 8 11 10 13 12 15 14
8 10 9 12 11 13 15 14 18 20 19 22 21 23 16 17 0 2 1 3 5 4 7 6
0 2 1 3 5 4 7 6 11 9 10 8 13 12 15 14 20 17 18 19 16 23 22 21
8 10 9 12 11 14 13 15 18 20 19 21 16 17 23 22 4 3 1 2 0 7 6 5
8 10 9 12 11 14 13 15 7 5 6 3 4 1 2 0 17 18 16 20 19 23 22 21
0 2 1 4 3 6 5 7 13 10 11 12 8 9 15 14 16 17 19 18 21 20 23 22
7 4 5 6 0 2 1 3 8 10 9 11 13 12 15 14 20 21 18 19 16 17 23 22
9 10 8 12 11 15 14 13 17 16 19 18 21 20 23 22 4 2 3 0 1 7 6 5
0 2 1 4 3 6 5 7 13 10 11 12 8 9 15 14 20 17 18 19 16 23 22 21
20 17 18 19 16 23 22 21 1 0 3 2 5 4 7 6 8 10 9 12 11 13 15 14
8 10 9 12 11 14 13 15 7 5 6 3 4 1 2 0 18 19 16 17 21 20 23 22
16 18 17 19 21 20 23 22 14 15 12 13 10 11 8 9 2 3 0 1 5 4 7 6
0 2 1 5 4 3 7 6 8 10 9 12 11 13 15 14 16 18 17 21 20 23 22 19
0 2 1 4 3 5 7 6 8 10 9 13 12 11 15 14 20 21 16 18 17 19 23 22
8 10 9 12 11 13 15 14 22 23 16 18 17 20 19 21 4 3 1 2 0 7 6 5
16 19 18 21 20 17 23 22 0 2 1 4 3 5 7 6 8 10 9 13 12 11 15 14
8 10 9 12 11 14 13 15 20 21 16 18 17 19 23 22 4 1 2 3 0 7 6 5
2 0 1 5 4 3 7 6 9 8 11 10 13 12 15 14 16 18 17 19 21 20 23 22
2 3 0 1 5 4 7 6 9 8 11 10 13 12 15 14 16 19 18 21 20 17 23 22
1 0 4 3 2 5 7 6 11 9 10 8 13 12 15 14 16 19 18 17 21 20 23 22
2 3 0 1 5 4 7 6 8 13 10 9 12 11 15 14 20 22 21 23 17 18 19 16
16 18 17 23 20 19 22 21 0 1 3 2 5 4 7 6 10 12 11 13 8 9 15 14
0 2 1 4 3 7 6 5 8 10 9 12 11 13 15 14 16 18 17 21 20 19 23 22
1 2 0 4 3 7 6 5 9 8 11 10 13 12 15 14 22 23 19 20 21 17 18 16
0 3 2 1 5 4 7 6 8 10 9 12 11 14 13 15 18 20 19 21 16 17 23 22
15 13 14 11 12 9 10 8 16 18 17 19 21 20 23 22 0 2 1 4 3 6 5 7
8 10 9 12 11 14 13 15 6 7 0 2 1 4 3 5 16 18 17 20 19 21 23 22
3 4 1 2 0 7 6 5 18 20 19 22 21 23 16 17 14 15 12 13 9 10 11 8
1 0 3 2 5 4 7 6 8 10 9 12 11 13 15 14 22 23 16 18 17 20 19 21
21 19 20 17 18 16 23 22 0 3 2 1 5 4 7 6 9 8 11 10 13 12 15 14
0 2 1 4 3 5 7 6 10 12 11 14 13 15 8 9 17 18 16 21 20 19 23 22
4 6 5 7 1 2 3 0 8 10 9 11 13 12 15 14 18 20 19 21 16 17 23 22
0 1 3 2 5 4 7 6 8 10 9 11 13 12 15 14 23 20 21 22 16 18 17 19
3 1 2 0 5 4 7 6 8 11 10 9 13 12 15 14 19 17 18 16 21 20 23 22
16 18 17 19 21 20 23 22 3 1 2 0 5 4 7 6 9 10 8 12 11 15 14 13
10 12 11 14 13 15 8 9 6 7 4 5 1 2 3 0 18 19 16 17 21 20 23 22
11 9 10 8 13 12 15 14 19 17 18 16 21 20 23 22 7 5 6 3 4 1 2 0
23 21 22 19 20 17 18 16 14 15 8 10 9 12 11 13 0 3 2 5 4 7 6 1
12 9 10 11 8 15 14 13 17 16 19 18 21 20 23 22 6 7 0 2 1 4 3 5
8 10 9 15 12 11 14 13 16 18 17 20 19 23 22 21 4 5 2 3 0 1 7 6
4 1 2 3 0 7 6 5 9 8 11 10 13 12 15 14 18 20 19 16 17 23 22 21
6 7 4 5 2 3 0 1 16 18 17 20 19 22 21 23 15 13 14 11 12 9 10 8
0 2 1 4 3 6 5 7 10 11 8 9 13 12 15 14 16 21 18 17 20 19 23 22
15 13 14 11 12 9 10 8 0 2 1 4 3 6 5 7 16 18 17 21 20 19 23 22
6 7 4 5 2 3 0 1 8 10 9 13 12 11 15 14 17 16 19 18 21 20 23 22
16 21 18 17 20 19 23 22 2 3 0 1 5 4 7 6 9 8 11 10 13 12 15 14
0 2 1 4 3 5 7 6 14 15 8 10 9 12 11 13 18 16 17 20 19 23 22 21
14 15 12 13 10 11 8 9 0 2 1 4 3 6 5 7 18 20 19 16 17 23 22 21
9 10 8 13 12 11 15 14 17 16 19 18 21 20 23 22 1 0 4 3 2 5 7 6
10 12 11 14 13 15 8 9 6 7 4 5 1 2 3 0 19 17 18 16 23 22 21 20
6 7 3 4 5 1 2 0 9 8 11 10 13 12 15 14 16 18 17 19 21 20 23 22
18 20 19 22 21 23 16 17 14 15 12 13 9 10 11 8 4 2 3 1 0 7 6 5
8 10 9 11 13 12 15 14 6 7 4 5 2 3 0 1 20 18 19 17 16 23 22 21
4 6 5 7 1 2 3 0 12 9 10 11 8 15 14 13 17 16 19 18 21 20 23 22
2 3 0 1 5 4 7 6 12 9 10 11 8 15 14 13 17 16 19 18 21 20 23 22
7 5 6 2 3 4 0 1 10 12 11 13 8 9 15 14 17 16 19 18 21 20 23 22
16 17 23 21 22 19 20 18 3 1 2 0 5 4 7 6 9 10 8 12 11 15 14 13
0 2 1 4 3 6 5 7 9 10 8 13 12 11 15 14 17 16 19 18 21 20 23 22
0 2 1 4 3 5 7 6 14 15 8 10 9 12 11 13 19 17 18 16 23 22 21 20
1 0 4 3 2 5 7 6 8 10 9 12 11 13 15 14 18 20 19 22 21 23 16 17
10 11 8 9 13 12 15 14 17 16 19 18 21 20 23 22 3 4 1 2 0 7 6 5
8 10 9 11 13 12 15 14 6 7 4 5 2 3 0 1 23 20 21 22 18 19 16 17
2 4 3 5 0 1 7 6 9 8 11 10 13 12 15 14 17 18 16 21 20 19 23 22
8 10 9 12 11 14 13 15 18 20 19 22 21 23 16 17 4 3 1 2 0 7 6 5
15 13 14 11 12 9 10 8 6 7 0 2 1 4 3 5 23 20 21 22 17 18 19 16
22 23 16 18 17 20 19 21 0 2 1 4 3 6 5 7 10 12 11 13 8 9 15 14
9 8 11 10 13 12 15 14 16 18 17 19 21 20 23 22 7 5 6 3 4 1 2 0
22 23 20 21 18 19 16 17 8 10 9 12 11 14 13 15 4 5 0 2 1 3 7 6
0 2 1 3 5 4 7 6 12 13 10 11 8 9 15 14 16 19 18 17 21 20 23 22
16 18 17 20 19 23 22 21 3 1 2 0 5 4 7 6 8 11 10 9 13 12 15 14
16 18 17 20 19 21 23 22 0 1 3 2 5 4 7 6 8 10 9 11 13 12 15 14
7 5 6 3 4 1 2 0 8 10 9 11 13 12 15 14 20 21 18 19 16 17 23 22
8 10 9 12 11 13 15 14 16 18 17 21 20 19 23 22 0 2 1 5 4 7 6 3
14 15 12 13 9 10 11 8 16 18 17 20 19 21 23 22 2 4 3 6 5 7 0 1
8 15 10 9 12 11 14 13 6 7 4 5 2 3 0 1 19 17 18 16 21 20 23 22
23 21 22 18 19 20 16 17 0 2 1 3 5 4 7 6 11 9 10 8 13 12 15 14
9 8 11 10 13 12 15 14 16 18 17 21 20 19 23 22 0 1 3 2 5 4 7 6
0 2 1 3 5 4 7 6 11 9 10 8 13 12 15 14 20 19 17 18 16 23 22 21
22 23 16 18 17 20 19 21 8 10 9 11 13 12 15 14 6 7 4 5 2 3 0 1
16 23 18 17 20 19 22 21 14 15 12 13 10 11 8 9 0 7 2 1 4 3 6 5
8 10 9 13 12 15 14 11 16 18 17 20 19 22 21 23 7 4 5 6 2 3 0 1
0 2 1 4 3 7 6 5 8 10 9 12 11 13 15 14 16 17 19 18 21 20 23 22
9 8 11 10 13 12 15 14 16 17 19 18 21 20 23 22 3 4 0 2 1 7 6 5
0 2 1 3 5 4 7 6 12 13 10 11 8 9 15 14 18 20 19 22 21 23 16 17
4 1 2 3 0 7 6 5 13 11 12 9 10 8 15 14 18 20 19 21 16 17 23 22
18 20 19 16 17 23 22 21 0 1 3 2 5 4 7 6 10 12 11 13 8 9 15 14
16 17 19 18 21 20 23 22 1 0 3 2 5 4 7 6 8 10 9 11 13 12 15 14
1 0 3 2 5 4 7 6 8 10 9 13 12 11 15 14 22 23 20 21 17 18 19 16
16 17 23 21 22 19 20 18 1 0 3 2 5 4 7 6 8 9 11 10 13 12 15 14
8 10 9 12 11 14 13 15 18 20 19 22 21 23 16 17 3 1 2 0 5 4 7 6
23 20 21 22 18 19 16 17 3 1 2 0 5 4 7 6 8 11 10 9 13 12 15 14
9 8 11 10 13 12 15 14 19 17 18 16 21 20 23 22 4 2 3 1 0 7 6 5
0 2 1 5 4 7 6 3 16 18 17 20 19 22 21 23 14 15 8 10 9 12 11 13
21 18 19 20 16 17 23 22 1 0 3 2 5 4 7 6 11 9 10 8 13 12 15 14
0 2 1 5 4 3 7 6 9 8 11 10 13 12 15 14 21 18 19 20 16 17 23 22
16 23 18 17 20 19 22 21 0 2 1 4 3 6 5 7 12 13 8 10 9 11 15 14
8 10 9 12 11 15 14 13 20 21 16 18 17 19 23 22 6 7 3 4 5 1 2 0
0 2 1 4 3 7 6 5 12 13 8 10 9 11 15 14 16 18 17 19 21 20 23 22
7 5 6 3 4 1 2 0 11 9 10 8 13 12 15 14 17 18 16 20 19 23 22 21
0 1 3 2 5 4 7 6 11 9 10 8 13 12 15 14 19 20 16 18 17 23 22 21
3 1 2 0 5 4 7 6 8 11 10 9 13 12 15 14 21 18 19 20 16 17 23 22
16 18 17 20 19 23 22 21 0 3 2 1 5 4 7 6 9 8 11 10 13 12 15 14
10 12 11 13 8 9 15 14 17 16 19 18 21 20 23 22 6 7 4 5 1 2 3 0
8 10 9 11 13 12 15 14 19 17 18 16 21 20 23 22 4 5 2 3 0 1 7 6
16 19 18 21 20 23 22 17 0 2 1 4 3 5 7 6 8 10 9 13 12 11 15 14
0 2 1 4 3 6 5 7 16 18 17 20 19 22 21 23 15 13 14 11 12 9 10 8
16 18 17 19 21 20 23 22 14 15 12 13 10 11 8 9 2 0 1 5 4 3 7 6
0 3 2 1 5 4 7 6 8 10 9 12 11 14 13 15 21 18 19 20 16 17 23 22
8 10 9 12 11 14 13 15 20 21 16 18 17 19 23 22 2 4 3 0 1 7 6 5
4 2 3 0 1 7 6 5 8 10 9 12 11 13 15 14 18 20 19 22 21 23 16 17
8 10 9 12 11 14 13 15 7 5 6 3 4 1 2 0 16 18 17 20 19 22 21 23
18 20 19 22 21 23 16 17 14 15 12 13 9 10 11 8 4 2 3 0 1 7 6 5
16 21 18 17 20 19 23 22 0 2 1 4 3 6 5 7 10 12 11 13 8 9 15 14
0 2 1 4 3 6 5 7 13 10 11 12 8 9 15 14 23 21 22 19 20 17 18 16
18 20 19 21 16 17 23 22 10 12 11 14 13 15 8 9 6 7 4 5 1 2 3 0
1 2 0 5 4 3 7 6 11 9 10 8 13 12 15 14 17 18 16 20 19 23 22 21
16 18 17 21 20 23 22 19 10 12 11 14 13 15 8 9 6 7 4 5 1 2 3 0
16 18 17 20 19 21 23 22 3 1 2 0 5 4 7 6 8 11 10 9 13 12 15 14
9 8 11 10 13 12 15 14 16 18 17 20 19 22 21 23 2 0 1 4 3 7 6 5
8 10 9 13 12 11 15 14 17 16 19 18 21 20 23 22 6 7 0 2 1 4 3 5
3 1 2 0 5 4 7 6 8 11 10 9 13 12 15 14 16 17 19 18 21 20 23 22
8 10 9 11 13 12 15 14 6 7 4 5 2 3 0 1 20 21 16 18 17 19 23 22
4 5 2 3 0 1 7 6 9 10 8 13 12 11 15 14 17 16 19 18 21 20 23 22
2 4 3 5 0 1 7 6 9 8 11 10 13 12 15 14 16 18 17 20 19 21 23 22
0 1 3 2 5 4 7 6 8 10 9 11 13 12 15 14 22 23 19 20 21 17 18 16
19 17 18 16 22 21 20 23 0 2 1 4 3 6 5 7 12 13 8 10 9 11 15 14
8 10 9 12 11 14 13 15 18 20 19 22 21 23 16 17 0 1 3 2 5 4 7 6
8 10 9 15 12 11 14 13 16 18 17 20 19 23 22 21 0 3 2 1 5 4 7 6
19 17 18 16 23 22 21 20 0 2 1 7 4 3 6 5 9 8 11 10 13 12 15 14
15 13 14 11 12 9 10 8 0 2 1 4 3 6 5 7 20 18 19 16 17 23 22 21
10 12 11 13 8 9 15 14 17 16 19 18 21 20 23 22 0 3 2 5 4 1 7 6
0 2 1 4 3 7 6 5 12 13 8 10 9 11 15 14 20 21 16 18 17 19 23 22
22 23 20 21 18 19 16 17 1 0 3 2 5 4 7 6 8 9 11 10 13 12 15 14
4 2 3 0 1 7 6 5 9 8 11 10 13 12 15 14 16 18 17 20 19 22 21 23
11 9 10 8 13 12 15 14 17 18 16 20 19 23 22 21 0 2 1 4 3 5 7 6
0 2 1 3 5 4 7 6 23 21 22 19 20 17 18 16 14 15 8 10 9 12 11 13
13 11 12 9 10 8 15 14 18 20 19 21 16 17 23 22 1 0 4 3 2 5 7 6
2 4 3 0 1 7 6 5 22 23 20 21 18 19 16 17 8 10 9 12 11 14 13 15
18 20 19 22 21 23 16 17 14 15 12 13 9 10 11 8 4 5 0 2 1 3 7 6
6 7 3 4 5 1 2 0 8 10 9 12 11 14 13 15 20 21 16 18 17 19 23 22
11 9 10 8 13 12 15 14 16 19 18 17 21 20 23 22 0 3 2 5 4 1 7 6
23 21 22 19 20 17 18 16 14 15 8 10 9 12 11 13 3 1 2 0 6 5 4 7
18 16 17 21 20 19 23 22 2 3 0 1 5 4 7 6 9 8 11 10 13 12 15 14
15 13 14 11 12 9 10 8 6 7 0 2 1 4 3 5 20 22 21 23 17 18 19 16
4 3 1 2 0 7 6 5 12 9 10 11 8 15 14 13 17 16 19 18 21 20 23 22
20 21 17 18 19 16 23 22 1 0 3 2 5 4 7 6 8 10 9 11 13 12 15 14
1 2 0 4 3 7 6 5 9 8 11 10 13 12 15 14 18 16 17 21 20 19 23 22
8 10 9 12 11 13 15 14 22 23 16 18 17 20 19 21 2 3 0 1 5 4 7 6
0 2 1 4 3 5 7 6 8 10 9 13 12 11 15 14 16 19 18 21 20 17 23 22
23 21 22 19 20 17 18 16 8 10 9 12 11 14 13 15 6 7 4 5 1 2 3 0
8 10 9 12 11 14 13 15 18 20 19 22 21 23 16 17 7 5 6 2 3 4 0 1
8 10 9 12 11 14 13 15 18 20 19 22 21 23 16 17 0 3 2 5 4 1 7 6
0 1 3 2 5 4 7 6 8 10 9 11 13 12 15 14 19 20 17 18 16 23 22 21
16 19 18 21 20 23 22 17 0 2 1 4 3 5 7 6 14 15 8 10 9 12 11 13
8 10 9 12 11 13 15 14 16 18 17 21 20 19 23 22 7 5 6 2 3 4 0 1
16 18 17 21 20 23 22 19 0 2 1 4 3 7 6 5 8 10 9 12 11 13 15 14
0 2 1 3 5 4 7 6 12 13 10 11 8 9 15 14 20 22 21 23 17 18 19 16
0 5 2 1 4 3 7 6 10 11 8 9 13 12 15 14 16 21 18 17 20 19 23 22
4 2 3 0 1 7 6 5 22 23 20 21 18 19 16 17 8 10 9 12 11 14 13 15
10 12 11 14 13 15 8 9 6 7 4 5 1 2 3 0 20 18 19 17 16 23 22 21
20 21 16 18 17 19 23 22 3 1 2 0 5 4 7 6 11 9 10 8 13 12 15 14
0 1 3 2 5 4 7 6 15 13 14 11 12 9 10 8 16 18 17 19 21 20 23 22
3 1 2 0 5 4 7 6 9 10 8 12 11 15 14 13 19 17 18 16 23 22 21 20
9 10 8 12 11 15 14 13 17 16 19 18 21 20 23 22 4 2 3 1 0 7 6 5
20 19 17 18 16 23 22 21 15 12 13 14 10 11 8 9 6 7 0 2 1 4 3 5
3 4 0 2 1 7 6 5 9 8 11 10 13 12 15 14 16 18 17 19 21 20 23 22
3 1 2 0 5 4 7 6 8 10 9 12 11 13 15 14 22 23 16 18 17 20 19 21
0 2 1 4 3 6 5 7 8 10 9 11 13 12 15 14 20 21 18 19 16 17 23 22
23 20 21 22 17 18 19 16 1 0 3 2 5 4 7 6 8 10 9 12 11 13 15 14
4 1 2 3 0 7 6 5 9 8 11 10 13 12 15 14 16 18 17 23 20 19 22 21
20 21 16 18 17 19 23 22 1 0 3 2 5 4 7 6 11 9 10 8 13 12 15 14
0 2 1 7 4 3 6 5 9 8 11 10 13 12 15 14 22 23 16 18 17 20 19 21
16 18 17 20 19 23 22 21 0 1 3 2 5 4 7 6 11 9 10 8 13 12 15 14
17 18 16 20 19 23 22 21 0 2 1 4 3 5 7 6 10 12 11 14 13 15 8 9
8 10 9 12 11 14 13 15 20 21 16 18 17 19 23 22 4 5 1 2 3 0 7 6
16 18 17 20 19 22 21 23 14 15 8 10 9 12 11 13 7 5 6 2 3 4 0 1
0 2 1 5 4 7 6 3 8 10 9 12 11 14 13 15 18 20 19 22 21 23 16 17
7 5 6 3 4 1 2 0 8 10 9 13 12 15 14 11 16 18 17 20 19 22 21 23
1 2 0 5 4 3 7 6 8 11 10 9 13 12 15 14 17 16 19 18 21 20 23 22
23 20 21 22 18 19 16 17 1 2 0 4 3 7 6 5 9 8 11 10 13 12 15 14
18 20 19 22 21 23 16 17 1 2 0 5 4 3 7 6 9 8 11 10 13 12 15 14
19 17 18 16 21 20 23 22 2 3 0 1 5 4 7 6 9 8 11 10 13 12 15 14
0 2 1 4 3 7 6 5 8 10 9 12 11 13 15 14 16 18 17 20 19 21 23 22
19 17 18 16 23 22 21 20 3 1 2 0 5 4 7 6 11 9 10 8 13 12 15 14
0 3 2 5 4 7 6 1 8 10 9 12 11 14 13 15 20 21 16 18 17 19 23 22
16 23 18 17 20 19 22 21 14 15 12 13 10 11 8 9 0 2 1 4 3 6 5 7
4 2 3 0 1 7 6 5 8 10 9 12 11 13 15 14 16 18 17 21 20 19 23 22
16 18 17 20 19 22 21 23 0 2 1 4 3 5 7 6 8 10 9 13 12 11 15 14
22 23 20 21 18 19 16 17 0 3 2 1 5 4 7 6 9 8 11 10 13 12 15 14
16 19 18 21 20 23 22 17 6 7 4 5 1 2 3 0 8 10 9 12 11 13 15 14
0 5 2 1 4 3 7 6 16 18 17 20 19 22 21 23 14 15 8 10 9 12 11 13
23 21 22 18 19 20 16 17 0 2 1 4 3 6 5 7 12 13 8 10 9 11 15 14
17 18 16 21 20 19 23 22 8 10 9 12 11 14 13 15 7 5 6 3 4 1 2 0
19 17 18 16 23 22 21 20 5 3 4 1 2 0 7 6 10 12 11 13 8 9 15 14
20 18 19 16 17 23 22 21 3 1 2 0 5 4 7 6 11 9 10 8 13 12 15 14
2 4 3 6 5 7 0 1 8 10 9 13 12 11 15 14 16 18 17 20 19 21 23 22
3 1 2 0 7 6 5 4 8 10 9 12 11 13 15 14 18 20 19 22 21 23 16 17
22 23 20 21 18 19 16 17 8 10 9 12 11 14 13 15 6 7 4 5 2 3 0 1
16 18 17 20 19 22 21 23 15 13 14 11 12 9 10 8 6 7 4 5 2 3 0 1
3 1 2 0 5 4 7 6 9 10 8 12 11 15 14 13 16 21 18 17 20 19 23 22
2 4 3 5 0 1 7 6 8 10 9 12 11 13 15 14 22 23 16 18 17 20 19 21
7 4 5 6 1 2 3 0 8 10 9 12 11 13 15 14 16 18 17 20 19 22 21 23
16 18 17 20 19 23 22 21 1 0 3 2 5 4 7 6 8 10 9 12 11 14 13 15
16 17 19 18 21 20 23 22 4 1 2 3 0 7 6 5 9 8 11 10 13 12 15 14
18 20 19 16 17 23 22 21 1 2 0 4 3 7 6 5 9 8 11 10 13 12 15 14
4 5 0 2 1 3 7 6 9 8 11 10 13 12 15 14 16 18 17 19 21 20 23 22
8 10 9 11 13 12 15 14 20 21 18 19 16 17 23 22 7 4 5 6 0 2 1 3
7 4 5 6 1 2 3 0 11 9 10 8 13 12 15 14 16 19 18 17 21 20 23 22
16 18 17 20 19 22 21 23 14 15 8 10 9 12 11 13 2 4 3 5 0 1 7 6
23 21 22 19 20 17 18 16 8 10 9 12 11 14 13 15 6 7 0 2 1 4 3 5
9 8 11 10 13 12 15 14 16 18 17 20 19 22 21 23 0 5 2 1 4 3 7 6
9 10 8 12 11 15 14 13 17 16 19 18 21 20 23 22 3 1 2 0 5 4 7 6
8 10 9 12 11 14 13 15 6 7 0 2 1 4 3 5 20 18 19 16 17 23 22 21
2 3 0 1 5 4 7 6 9 8 11 10 13 12 15 14 16 18 17 20 19 21 23 22
0 1 3 2 5 4 7 6 10 11 8 9 13 12 15 14 16 21 18 17 20 19 23 22
18 20 19 22 21 23 16 17 0 2 1 5 4 3 7 6 9 8 11 10 13 12 15 14
18 20 19 21 16 17 23 22 0 1 3 2 5 4 7 6 10 12 11 13 8 9 15 14
16 18 17 19 21 20 23 22 14 15 12 13 10 11 8 9 6 7 4 5 1 2 3 0
0 2 1 4 3 6 5 7 10 12 11 13 8 9 15 14 18 20 19 22 21 23 16 17
0 2 1 7 4 3 6 5 16 18 17 20 19 22 21 23 14 15 8 10 9 12 11 13
20 19 17 18 16 23 22 21 0 2 1 7 4 3 6 5 8 10 9 12 11 15 14 13
16 21 18 17 20 19 23 22 0 2 1 4 3 6 5 7 13 10 11 12 8 9 15 14
3 1 2 0 6 5 4 7 8 10 9 15 12 11 14 13 17 16 19 18 21 20 23 22
0 2 1 5 4 3 7 6 9 8 11 10 13 12 15 14 19 17 18 16 21 20 23 22
3 1 2 0 7 6 5 4 8 10 9 15 12 11 14 13 16 18 17 20 19 23 22 21
0 2 1 4 3 6 5 7 13 10 11 12 8 9 15 14 22 23 19 20 21 17 18 16
8 15 10 9 12 11 14 13 6 7 4 5 2 3 0 1 16 18 17 23 20 19 22 21
21 19 20 17 18 16 23 22 0 2 1 5 4 3 7 6 9 8 11 10 13 12 15 14
8 10 9 12 11 14 13 15 18 20 19 21 16 17 23 22 4 2 3 0 1 7 6 5
18 16 17 21 20 19 23 22 3 1 2 0 5 4 7 6 9 10 8 12 11 15 14 13
18 20 19 21 16 17 23 22 0 2 1 7 4 3 6 5 8 10 9 12 11 15 14 13
19 20 16 18 17 23 22 21 0 2 1 3 5 4 7 6 10 12 11 13 8 9 15 14
8 10 9 11 13 12 15 14 20 21 18 19 16 17 23 22 4 5 0 2 1 3 7 6
18 20 19 16 17 23 22 21 0 2 1 4 3 5 7 6 8 10 9 12 11 14 13 15
19 17 18 16 23 22 21 20 0 2 1 4 3 7 6 5 12 13 8 10 9 11 15 14
0 2 1 7 4 3 6 5 8 10 9 12 11 15 14 13 22 23 20 21 17 18 19 16
8 9 11 10 13 12 15 14 18 20 19 21 16 17 23 22 3 1 2 0 6 5 4 7
3 1 2 0 5 4 7 6 8 11 10 9 13 12 15 14 20 18 19 17 16 23 22 21
4 3 1 2 0 7 6 5 8 10 9 13 12 11 15 14 16 18 17 20 19 21 23 22
4 5 2 3 0 1 7 6 23 21 22 19 20 17 18 16 8 10 9 12 11 14 13 15
8 10 9 15 12 11 14 13 17 16 19 18 21 20 23 22 4 5 2 3 0 1 7 6
20 21 17 18 19 16 23 22 15 13 14 11 12 9 10 8 6 7 0 2 1 4 3 5
5 3 4 1 2 0 7 6 9 8 11 10 13 12 15 14 16 17 19 18 21 20 23 22
0 2 1 4 3 6 5 7 13 10 11 12 8 9 15 14 20 18 19 16 17 23 22 21
8 10 9 12 11 15 14 13 20 21 16 18 17 19 23 22 1 2 0 5 4 3 7 6
8 10 9 12 11 14 13 15 20 21 16 18 17 19 23 22 1 2 0 4 3 7 6 5
23 20 21 22 17 18 19 16 8 15 10 9 12 11 14 13 6 7 4 5 2 3 0 1
0 2 1 4 3 6 5 7 8 10 9 11 13 12 15 14 19 17 18 16 21 20 23 22
23 21 22 19 20 17 18 16 8 10 9 12 11 14 13 15 1 0 3 2 5 4 7 6
15 13 14 11 12 9 10 8 16 18 17 19 21 20 23 22 0 1 7 5 6 3 4 2
8 10 9 15 12 11 14 13 16 18 17 20 19 23 22 21 7 4 5 6 2 3 0 1
15 12 13 14 10 11 8 9 6 7 0 2 1 4 3 5 16 18 17 20 19 22 21 23
16 18 17 20 19 22 21 23 3 1 2 0 5 4 7 6 9 10 8 12 11 15 14 13
16 19 18 21 20 17 23 22 10 12 11 14 13 15 8 9 6 7 4 5 1 2 3 0
16 18 17 19 21 20 23 22 0 2 1 4 3 6 5 7 13 10 11 12 8 9 15 14
16 18 17 20 19 22 21 23 15 13 14 11 12 9 10 8 0 2 1 4 3 6 5 7
0 2 1 3 5 4 7 6 10 12 11 13 8 9 15 14 18 20 19 22 21 23 16 17
7 4 5 6 0 2 1 3 8 10 9 12 11 13 15 14 16 18 17 21 20 19 23 22
16 18 17 20 19 22 21 23 14 15 8 10 9 12 11 13 1 0 4 3 2 5 7 6
17 18 16 21 20 19 23 22 1 2 0 4 3 7 6 5 9 8 11 10 13 12 15 14
5 3 4 1 2 0 7 6 8 9 11 10 13 12 15 14 16 18 17 19 21 20 23 22
0 2 1 4 3 5 7 6 8 10 9 13 12 11 15 14 16 23 18 17 20 19 22 21
8 10 9 12 11 14 13 15 7 5 6 3 4 1 2 0 18 16 17 20 19 23 22 21
8 10 9 13 12 15 14 11 16 18 17 20 19 22 21 23 7 4 5 6 1 2 3 0
18 16 17 21 20 19 23 22 5 3 4 1 2 0 7 6 10 12 11 13 8 9 15 14
0 2 1 4 3 6 5 7 12 13 8 10 9 11 15 14 16 18 17 20 19 23 22 21
5 3 4 1 2 0 7 6 9 8 11 10 13 12 15 14 16 18 17 19 21 20 23 22
3 1 2 0 5 4 7 6 8 11 10 9 13 12 15 14 16 18 17 23 20 19 22 21
23 20 21 22 18 19 16 17 0 2 1 7 4 3 6 5 8 10 9 12 11 15 14 13
2 4 3 5 0 1 7 6 9 8 11 10 13 12 15 14 16 19 18 21 20 17 23 22
8 10 9 11 13 12 15 14 18 20 19 21 16 17 23 22 3 1 2 0 7 6 5 4
18 20 19 16 17 23 22 21 8 10 9 12 11 14 13 15 7 5 6 3 4 1 2 0
19 17 18 16 23 22 21 20 0 2 1 4 3 7 6 5 8 10 9 12 11 13 15 14
23 20 21 22 18 19 16 17 2 4 3 5 0 1 7 6 9 8 11 10 13 12 15 14
16 18 17 23 20 19 22 21 0 2 1 7 4 3 6 5 9 8 11 10 13 12 15 14
7 5 6 3 4 1 2 0 8 10 9 11 13 12 15 14 18 20 19 21 16 17 23 22
0 1 3 2 5 4 7 6 11 9 10 8 13 12 15 14 18 20 19 22 21 23 16 17
0 1 7 5 6 3 4 2 8 10 9 12 11 14 13 15 21 18 19 20 16 17 23 22
7 4 5 6 0 2 1 3 15 13 14 11 12 9 10 8 16 18 17 19 21 20 23 22
8 9 11 10 13 12 15 14 18 20 19 21 16 17 23 22 0 2 1 5 4 3 7 6
20 19 17 18 16 23 22 21 10 12 11 14 13 15 8 9 6 7 4 5 1 2 3 0
20 21 16 18 17 19 23 22 2 3 0 1 5 4 7 6 9 8 11 10 13 12 15 14
4 5 2 3 0 1 7 6 14 15 12 13 9 10 11 8 16 18 17 20 19 21 23 22
23 20 21 22 18 19 16 17 3 1 2 0 5 4 7 6 11 9 10 8 13 12 15 14
0 1 3 2 5 4 7 6 12 9 10 11 8 15 14 13 17 16 19 18 21 20 23 22
16 18 17 19 21 20 23 22 14 15 12 13 10 11 8 9 6 7 3 4 5 1 2 0
7 4 5 6 2 3 0 1 8 10 9 15 12 11 14 13 16 18 17 20 19 23 22 21
7 4 5 6 0 2 1 3 10 11 8 9 13 12 15 14 17 16 19 18 21 20 23 22
23 20 21 22 18 19 16 17 0 2 1 4 3 6 5 7 10 12 11 14 13 15 8 9
16 18 17 20 19 23 22 21 3 1 2 0 5 4 7 6 11 9 10 8 13 12 15 14
8 10 9 12 11 14 13 15 20 21 16 18 17 19 23 22 6 7 4 5 1 2 3 0
9 8 11 10 13 12 15 14 16 18 17 21 20 19 23 22 3 1 2 0 5 4 7 6
1 2 0 5 4 3 7 6 9 8 11 10 13 12 15 14 23 21 22 19 20 17 18 16
8 9 11 10 13 12 15 14 18 20 19 21 16 17 23 22 0 2 1 4 3 7 6 5
6 7 4 5 2 3 0 1 8 10 9 12 11 14 13 15 20 21 16 18 17 19 23 22
23 20 21 22 17 18 19 16 0 2 1 4 3 6 5 7 10 12 11 14 13 15 8 9
2 0 1 5 4 3 7 6 8 10 9 15 12 11 14 13 17 16 19 18 21 20 23 22
5 3 4 1 2 0 7 6 10 12 11 13 8 9 15 14 23 21 22 18 19 20 16 17
20 18 19 17 16 23 22 21 0 2 1 4 3 5 7 6 8 10 9 12 11 14 13 15
11 9 10 8 13 12 15 14 16 19 18 17 21 20 23 22 1 2 0 4 3 7 6 5
1 0 3 2 5 4 7 6 8 10 9 13 12 11 15 14 16 18 17 20 19 21 23 22
10 11 8 9 13 12 15 14 16 21 18 17 20 19 23 22 0 2 1 4 3 7 6 5
0 3 2 1 5 4 7 6 9 8 11 10 13 12 15 14 22 23 20 21 18 19 16 17
16 19 18 17 21 20 23 22 15 13 14 11 12 9 10 8 0 2 1 4 3 6 5 7
1 0 3 2 5 4 7 6 8 10 9 12 11 13 15 14 16 19 18 21 20 17 23 22
16 17 19 18 21 20 23 22 0 2 1 4 3 5 7 6 8 10 9 13 12 11 15 14
19 17 18 16 22 21 20 23 10 12 11 14 13 15 8 9 6 7 4 5 1 2 3 0
8 10 9 12 11 13 15 14 22 23 16 18 17 20 19 21 0 2 1 5 4 7 6 3
8 10 9 11 13 12 15 14 18 20 19 21 16 17 23 22 4 2 3 1 0 7 6 5
8 10 9 12 11 13 15 14 16 18 17 21 20 19 23 22 0 1 3 2 5 4 7 6
1 0 4 3 2 5 7 6 16 18 17 20 19 22 21 23 15 13 14 11 12 9 10 8
0 2 1 7 4 3 6 5 9 8 11 10 13 12 15 14 21 19 20 17 18 16 23 22
5 3 4 1 2 0 7 6 10 12 11 13 8 9 15 14 19 17 18 16 21 20 23 22
0 2 1 4 3 6 5 7 12 13 8 10 9 11 15 14 22 23 16 18 17 20 19 21
18 20 19 22 21 23 16 17 0 2 1 4 3 6 5 7 12 13 8 10 9 11 15 14
23 21 22 19 20 17 18 16 3 1 2 0 5 4 7 6 9 10 8 12 11 15 14 13
8 10 9 13 12 11 15 14 16 18 17 20 19 21 23 22 7 4 5 6 1 2 3 0
7 4 5 6 1 2 3 0 8 9 11 10 13 12 15 14 18 20 19 21 16 17 23 22
9 10 8 12 11 15 14 13 17 16 19 18 21 20 23 22 3 4 1 2 0 7 6 5
8 9 11 10 13 12 15 14 18 20 19 21 16 17 23 22 2 4 3 0 1 7 6 5
8 10 9 12 11 14 13 15 18 20 19 21 16 17 23 22 7 4 5 6 0 2 1 3
22 23 16 18 17 20 19 21 1 0 3 2 5 4 7 6 8 10 9 11 13 12 15 14
2 3 0 1 5 4 7 6 22 23 20 21 18 19 16 17 8 10 9 12 11 14 13 15
9 8 11 10 13 12 15 14 16 18 17 20 19 22 21 23 0 2 1 5 4 3 7 6
0 2 1 7 4 3 6 5 8 10 9 12 11 15 14 13 17 16 20 19 18 21 23 22
16 23 18 17 20 19 22 21 14 15 12 13 10 11 8 9 4 5 0 2 1 3 7 6
8 10 9 13 12 15 14 11 16 18 17 20 19 22 21 23 7 5 6 3 4 1 2 0
0 2 1 4 3 5 7 6 11 9 10 8 13 12 15 14 16 19 18 17 21 20 23 22
9 8 11 10 13 12 15 14 16 18 17 20 19 22 21 23 2 4 3 5 0 1 7 6
5 3 4 1 2 0 7 6 10 12 11 13 8 9 15 14 22 23 20 21 17 18 19 16
22 23 16 18 17 20 19 21 0 2 1 4 3 6 5 7 10 12 11 14 13 15 8 9
0 2 1 4 3 6 5 7 14 15 12 13 9 10 11 8 16 18 17 20 19 21 23 22
12 9 10 11 8 15 14 13 17 16 19 18 21 20 23 22 4 6 5 7 1 2 3 0
18 20 19 21 16 17 23 22 0 2 1 3 5 4 7 6 10 12 11 13 8 9 15 14
8 10 9 12 11 14 13 15 18 20 19 21 16 17 23 22 0 3 2 1 5 4 7 6
0 3 2 5 4 7 6 1 8 10 9 12 11 15 14 13 16 18 17 20 19 21 23 22
7 4 5 6 2 3 0 1 15 13 14 11 12 9 10 8 16 18 17 19 21 20 23 22
16 23 18 17 20 19 22 21 14 15 12 13 10 11 8 9 6 7 3 4 5 1 2 0
18 20 19 21 16 17 23 22 0 2 1 5 4 3 7 6 9 8 11 10 13 12 15 14
16 18 17 21 20 19 23 22 0 2 1 4 3 5 7 6 14 15 8 10 9 12 11 13
4 5 2 3 0 1 7 6 11 9 10 8 13 12 15 14 16 19 18 17 21 20 23 22
18 20 19 22 21 23 16 17 14 15 12 13 9 10 11 8 3 4 1 2 0 7 6 5
0 2 1 3 5 4 7 6 10 12 11 13 8 9 15 14 20 18 19 16 17 23 22 21
20 21 17 18 19 16 23 22 6 7 4 5 1 2 3 0 8 10 9 12 11 13 15 14
0 2 1 4 3 6 5 7 10 11 8 9 13 12 15 14 17 16 19 18 21 20 23 22
19 20 17 18 16 23 22 21 0 2 1 5 4 7 6 3 8 10 9 12 11 14 13 15
0 5 2 1 4 3 7 6 14 15 12 13 9 10 11 8 16 18 17 20 19 21 23 22
10 11 8 9 13 12 15 14 16 21 18 17 20 19 23 22 2 4 3 0 1 7 6 5
18 19 16 17 21 20 23 22 8 10 9 11 13 12 15 14 6 7 4 5 2 3 0 1
7 4 5 6 1 2 3 0 8 10 9 15 12 11 14 13 17 16 19 18 21 20 23 22
22 23 19 20 21 17 18 16 3 1 2 0 5 4 7 6 11 9 10 8 13 12 15 14
0 2 1 4 3 6 5 7 13 10 11 12 8 9 15 14 16 19 18 21 20 23 22 17
16 21 18 17 20 19 23 22 0 2 1 4 3 5 7 6 14 15 8 10 9 12 11 13
9 10 8 13 12 11 15 14 17 16 19 18 21 20 23 22 3 1 2 0 5 4 7 6
8 10 9 12 11 14 13 15 18 20 19 22 21 23 16 17 2 4 3 6 5 7 0 1
8 10 9 12 11 14 13 15 18 20 19 21 16 17 23 22 5 3 4 1 2 0 7 6
8 10 9 12 11 15 14 13 20 21 16 18 17 19 23 22 5 3 4 1 2 0 7 6
16 18 17 19 21 20 23 22 15 12 13 14 10 11 8 9 6 7 0 2 1 4 3 5
16 19 18 21 20 17 23 22 1 2 0 5 4 3 7 6 9 8 11 10 13 12 15 14
0 2 1 5 4 3 7 6 8 10 9 12 11 13 15 14 20 21 16 18 17 19 23 22
15 13 14 11 12 9 10 8 16 18 17 19 21 20 23 22 1 0 4 3 2 5 7 6
8 10 9 12 11 14 13 15 21 18 19 20 16 17 23 22 4 5 0 2 1 3 7 6
16 23 18 17 20 19 22 21 1 0 3 2 5 4 7 6 8 10 9 12 11 14 13 15
7 4 5 6 0 2 1 3 9 10 8 13 12 11 15 14 17 16 19 18 21 20 23 22
0 2 1 4 3 5 7 6 8 10 9 13 12 11 15 14 16 19 18 17 21 20 23 22
0 2 1 4 3 7 6 5 8 10 9 12 11 13 15 14 23 20 21 22 17 18 19 16
0 2 1 7 4 3 6 5 8 9 11 10 13 12 15 14 18 20 19 21 16 17 23 22
16 19 18 17 21 20 23 22 0 2 1 5 4 3 7 6 9 8 11 10 13 12 15 14
2 4 3 5 0 1 7 6 9 8 11 10 13 12 15 14 22 23 20 21 18 19 16 17
4 5 1 2 3 0 7 6 8 9 11 10 13 12 15 14 16 18 17 19 21 20 23 22
16 23 18 17 20 19 22 21 14 15 12 13 10 11 8 9 0 1 3 2 5 4 7 6
17 18 16 21 20 19 23 22 0 2 1 4 3 6 5 7 10 12 11 14 13 15 8 9
16 21 18 17 20 19 23 22 3 1 2 0 5 4 7 6 8 11 10 9 13 12 15 14
8 10 9 12 11 13 15 14 18 20 19 22 21 23 16 17 0 1 3 2 5 4 7 6
8 15 10 9 12 11 14 13 6 7 4 5 2 3 0 1 18 16 17 21 20 19 23 22
6 7 3 4 5 1 2 0 8 10 9 11 13 12 15 14 18 20 19 21 16 17 23 22
19 17 18 16 22 21 20 23 2 3 0 1 5 4 7 6 9 8 11 10 13 12 15 14
16 18 17 20 19 23 22 21 2 3 0 1 5 4 7 6 9 8 11 10 13 12 15 14
20 18 19 16 17 23 22 21 1 0 3 2 5 4 7 6 8 10 9 12 11 13 15 14
4 5 1 2 3 0 7 6 18 20 19 22 21 23 16 17 14 15 12 13 9 10 11 8
20 22 21 23 17 18 19 16 0 3 2 1 5 4 7 6 9 8 11 10 13 12 15 14
6 7 4 5 1 2 3 0 8 10 9 12 11 13 15 14 20 19 17 18 16 23 22 21
0 2 1 4 3 5 7 6 8 10 9 13 12 11 15 14 23 20 21 22 16 18 17 19
4 5 2 3 0 1 7 6 13 11 12 9 10 8 15 14 18 20 19 21 16 17 23 22
16 18 17 20 19 22 21 23 15 13 14 11 12 9 10 8 0 2 1 4 3 5 7 6
0 2 1 4 3 5 7 6 8 10 9 12 11 14 13 15 16 17 19 18 21 20 23 22
7 4 5 6 2 3 0 1 8 10 9 12 11 14 13 15 18 20 19 22 21 23 16 17
8 10 9 11 13 12 15 14 19 17 18 16 21 20 23 22 6 7 3 4 5 1 2 0
23 20 21 22 18 19 16 17 0 1 3 2 5 4 7 6 10 12 11 13 8 9 15 14
1 2 0 5 4 3 7 6 9 8 11 10 13 12 15 14 19 17 18 16 21 20 23 22
23 20 21 22 18 19 16 17 1 2 0 5 4 3 7 6 9 8 11 10 13 12 15 14
0 3 2 1 5 4 7 6 9 8 11 10 13 12 15 14 16 18 17 20 19 22 21 23
18 19 16 17 21 20 23 22 8 10 9 12 11 14 13 15 6 7 0 2 1 4 3 5
21 18 19 20 16 17 23 22 0 1 3 2 5 4 7 6 11 9 10 8 13 12 15 14
4 6 5 7 1 2 3 0 8 9 11 10 13 12 15 14 16 18 17 19 21 20 23 22
8 10 9 12 11 13 15 14 16 18 17 21 20 19 23 22 0 3 2 1 5 4 7 6
21 19 20 17 18 16 23 22 1 2 0 5 4 3 7 6 9 8 11 10 13 12 15 14
16 18 17 20 19 22 21 23 0 2 1 3 5 4 7 6 11 9 10 8 13 12 15 14
0 2 1 3 5 4 7 6 10 12 11 13 8 9 15 14 16 18 17 21 20 19 23 22
9 8 11 10 13 12 15 14 16 18 17 20 19 22 21 23 2 4 3 6 5 7 0 1
16 21 18 17 20 19 23 22 15 13 14 11 12 9 10 8 6 7 0 2 1 4 3 5
9 10 8 13 12 11 15 14 17 16 19 18 21 20 23 22 0 2 1 4 3 6 5 7
8 9 11 10 13 12 15 14 18 20 19 21 16 17 23 22 4 3 1 2 0 7 6 5
16 18 17 20 19 22 21 23 15 13 14 11 12 9 10 8 4 3 1 2 0 7 6 5
12 9 10 11 8 15 14 13 17 16 19 18 21 20 23 22 4 5 1 2 3 0 7 6
0 2 1 5 4 3 7 6 8 10 9 12 11 13 15 14 23 21 22 18 19 20 16 17
0 2 1 4 3 7 6 5 12 13 8 10 9 11 15 14 17 18 16 20 19 23 22 21
18 16 17 21 20 19 23 22 8 15 10 9 12 11 14 13 6 7 4 5 2 3 0 1
16 17 19 18 21 20 23 22 0 2 1 4 3 5 7 6 10 12 11 14 13 15 8 9
23 21 22 19 20 17 18 16 8 10 9 12 11 14 13 15 3 1 2 0 5 4 7 6
23 20 21 22 16 18 17 19 14 15 12 13 10 11 8 9 0 2 1 4 3 6 5 7
0 2 1 5 4 7 6 3 8 10 9 12 11 14 13 15 22 23 16 18 17 20 19 21
20 21 17 18 19 16 23 22 0 2 1 4 3 6 5 7 12 13 8 10 9 11 15 14
0 2 1 7 4 3 6 5 8 10 9 12 11 15 14 13 16 21 18 17 20 19 23 22
0 2 1 4 3 7 6 5 8 10 9 12 11 13 15 14 19 20 16 18 17 23 22 21
8 10 9 11 13 12 15 14 18 20 19 21 16 17 23 22 1 0 4 3 2 5 7 6
2 4 3 5 0 1 7 6 8 9 11 10 13 12 15 14 19 17 18 16 21 20 23 22
22 23 20 21 18 19 16 17 8 10 9 12 11 14 13 15 4 6 5 7 1 2 3 0
8 10 9 12 11 13 15 14 22 23 16 18 17 20 19 21 0 2 1 5 4 3 7 6
0 7 2 1 4 3 6 5 10 11 8 9 13 12 15 14 16 21 18 17 20 19 23 22
8 10 9 12 11 14 13 15 6 7 0 2 1 4 3 5 16 17 19 18 21 20 23 22
9 10 8 13 12 11 15 14 17 16 19 18 21 20 23 22 4 3 1 2 0 7 6 5
20 21 17 18 19 16 23 22 0 2 1 4 3 6 5 7 10 12 11 13 8 9 15 14
18 19 16 17 21 20 23 22 0 2 1 4 3 5 7 6 10 12 11 14 13 15 8 9
16 17 19 18 21 20 23 22 0 2 1 7 4 3 6 5 8 10 9 12 11 15 14 13
6 7 3 4 5 1 2 0 9 8 11 10 13 12 15 14 16 18 17 20 19 22 21 23
10 11 8 9 13 12 15 14 17 16 19 18 21 20 23 22 4 6 5 7 1 2 3 0
0 1 3 2 5 4 7 6 8 10 9 13 12 11 15 14 17 16 19 18 21 20 23 22
16 18 17 19 21 20 23 22 3 1 2 0 5 4 7 6 11 9 10 8 13 12 15 14
1 0 3 2 5 4 7 6 8 10 9 12 11 14 13 15 18 20 19 21 16 17 23 22
8 10 9 11 13 12 15 14 18 20 19 21 16 17 23 22 0 3 2 5 4 7 6 1
0 2 1 4 3 5 7 6 10 12 11 14 13 15 8 9 16 18 17 21 20 19 23 22
4 1 2 3 0 7 6 5 9 8 11 10 13 12 15 14 16 17 23 21 22 19 20 18
19 17 18 16 23 22 21 20 8 10 9 11 13 12 15 14 6 7 4 5 2 3 0 1
8 10 9 12 11 13 15 14 22 23 16 18 17 20 19 21 2 4 3 6 5 7 0 1
15 13 14 11 12 9 10 8 0 2 1 4 3 6 5 7 20 17 18 19 16 23 22 21
23 20 21 22 17 18 19 16 3 1 2 0 5 4 7 6 9 10 8 12 11 15 14 13
12 9 10 11 8 15 14 13 17 16 19 18 21 20 23 22 2 0 1 4 3 7 6 5
0 2 1 7 4 3 6 5 9 8 11 10 13 12 15 14 19 20 17 18 16 23 22 21
0 3 2 1 5 4 7 6 9 8 11 10 13 12 15 14 23 20 21 22 17 18 19 16
14 15 12 13 10 11 8 9 0 2 1 4 3 6 5 7 22 23 20 21 18 19 16 17
7 5 6 3 4 1 2 0 8 10 9 11 13 12 15 14 20 18 19 17 16 23 22 21
0 2 1 4 3 5 7 6 10 12 11 14 13 15 8 9 20 17 18 19 16 23 22 21
9 8 11 10 13 12 15 14 19 17 18 16 21 20 23 22 4 5 1 2 3 0 7 6
0 2 1 3 5 4 7 6 12 13 10 11 8 9 15 14 16 23 18 17 20 19 22 21
10 12 11 13 8 9 15 14 17 16 19 18 21 20 23 22 7 5 6 2 3 4 0 1
8 10 9 12 11 13 15 14 16 18 17 20 19 22 21 23 2 4 3 5 0 1 7 6
10 12 11 13 8 9 15 14 17 16 19 18 21 20 23 22 0 5 2 1 4 3 7 6
8 10 9 12 11 13 15 14 22 23 16 18 17 20 19 21 0 5 2 1 4 3 7 6
19 20 17 18 16 23 22 21 0 2 1 5 4 3 7 6 9 8 11 10 13 12 15 14
19 20 16 18 17 23 22 21 0 2 1 4 3 5 7 6 10 12 11 14 13 15 8 9
0 2 1 3 5 4 7 6 10 12 11 13 8 9 15 14 20 17 18 19 16 23 22 21
5 3 4 1 2 0 7 6 8 10 9 13 12 11 15 14 16 18 17 20 19 21 23 22
3 1 2 0 7 6 5 4 8 10 9 12 11 14 13 15 20 21 16 18 17 19 23 22
22 23 16 18 17 20 19 21 3 1 2 0 5 4 7 6 11 9 10 8 13 12 15 14
22 23 16 18 17 20 19 21 0 2 1 3 5 4 7 6 12 13 10 11 8 9 15 14
0 2 1 3 5 4 7 6 11 9 10 8 13 12 15 14 16 18 17 20 19 22 21 23
7 5 6 3 4 1 2 0 16 23 18 17 20 19 22 21 14 15 12 13 10 11 8 9
4 5 1 2 3 0 7 6 9 8 11 10 13 12 15 14 16 18 17 20 19 21 23 22
1 2 0 4 3 7 6 5 23 20 21 22 18 19 16 17 14 15 8 10 9 12 11 13
2 0 1 4 3 7 6 5 8 10 9 12 11 15 14 13 16 18 17 20 19 21 23 22
15 13 14 11 12 9 10 8 16 18 17 19 21 20 23 22 7 4 5 6 2 3 0 1
1 0 3 2 5 4 7 6 8 9 11 10 13 12 15 14 17 18 16 20 19 23 22 21
0 1 7 5 6 3 4 2 8 10 9 13 12 11 15 14 16 18 17 20 19 21 23 22
7 5 6 3 4 1 2 0 8 10 9 11 13 12 15 14 22 23 19 20 21 17 18 16
9 10 8 12 11 15 14 13 17 16 19 18 21 20 23 22 0 2 1 4 3 5 7 6
0 3 2 1 5 4 7 6 8 10 9 12 11 14 13 15 18 20 19 22 21 23 16 17
8 10 9 12 11 14 13 15 20 21 16 18 17 19 23 22 4 2 3 1 0 7 6 5
8 10 9 12 11 13 15 14 22 23 16 18 17 20 19 21 3 4 1 2 0 7 6 5
2 4 3 5 0 1 7 6 8 10 9 13 12 11 15 14 16 18 17 20 19 21 23 22
8 9 11 10 13 12 15 14 16 18 17 19 21 20 23 22 2 4 3 6 5 7 0 1
1 0 3 2 5 4 7 6 8 10 9 13 12 11 15 14 16 18 17 20 19 21 23 22
7 5 6 3 4 1 2 0 16 18 17 20 19 22 21 23 14 15 8 10 9 12 11 13
0 5 2 1 4 3 7 6 11 9 10 8 13 12 15 14 19 17 18 16 21 20 23 22
23 20 21 22 18 19 16 17 14 15 8 10 9 12 11 13 0 3 2 1 5 4 7 6
17 18 16 21 20 19 23 22 0 2 1 4 3 5 7 6 10 12 11 14 13 15 8 9
23 21 22 19 20 17 18 16 5 3 4 1 2 0 7 6 10 12 11 13 8 9 15 14
8 10 9 11 13 12 15 14 6 7 4 5 2 3 0 1 16 19 18 17 21 20 23 22
1 0 3 2 5 4 7 6 8 10 9 11 13 12 15 14 20 18 19 17 16 23 22 21
0 2 1 3 5 4 7 6 14 15 12 13 9 10 11 8 16 18 17 20 19 21 23 22
13 11 12 9 10 8 15 14 18 20 19 21 16 17 23 22 0 5 2 1 4 3 7 6
20 21 17 18 19 16 23 22 8 10 9 11 13 12 15 14 6 7 4 5 2 3 0 1
3 1 2 0 5 4 7 6 9 10 8 12 11 15 14 13 16 19 18 17 21 20 23 22
8 10 9 11 13 12 15 14 6 7 4 5 2 3 0 1 17 16 19 18 21 20 23 22
0 3 2 5 4 1 7 6 8 10 9 12 11 14 13 15 20 21 16 18 17 19 23 22
5 3 4 1 2 0 7 6 10 12 11 13 8 9 15 14 21 18 19 20 16 17 23 22
4 5 2 3 0 1 7 6 8 10 9 12 11 13 15 14 18 20 19 22 21 23 16 17
1 2 0 5 4 3 7 6 9 8 11 10 13 12 15 14 19 20 16 18 17 23 22 21
0 2 1 7 4 3 6 5 23 20 21 22 18 19 16 17 14 15 8 10 9 12 11 13
0 2 1 4 3 5 7 6 10 12 11 14 13 15 8 9 23 21 22 19 20 17 18 16
2 4 3 6 5 7 0 1 8 9 11 10 13 12 15 14 19 17 18 16 21 20 23 22
16 17 23 21 22 19 20 18 1 0 3 2 5 4 7 6 8 10 9 11 13 12 15 14
14 15 12 13 10 11 8 9 0 2 1 4 3 6 5 7 22 23 19 20 21 17 18 16
0 2 1 4 3 7 6 5 12 13 8 10 9 11 15 14 22 23 20 21 17 18 19 16
8 10 9 12 11 13 15 14 22 23 16 18 17 20 19 21 3 1 2 0 7 6 5 4
16 18 17 21 20 19 23 22 8 15 10 9 12 11 14 13 6 7 4 5 2 3 0 1
8 10 9 11 13 12 15 14 20 21 18 19 16 17 23 22 0 1 3 2 5 4 7 6
23 20 21 22 16 18 17 19 1 2 0 5 4 3 7 6 9 8 11 10 13 12 15 14
3 1 2 0 6 5 4 7 8 9 11 10 13 12 15 14 16 18 17 19 21 20 23 22
2 0 1 5 4 3 7 6 23 21 22 19 20 17 18 16 14 15 8 10 9 12 11 13
8 10 9 12 11 15 14 13 20 21 16 18 17 19 23 22 2 0 1 5 4 3 7 6
2 4 3 5 0 1 7 6 9 8 11 10 13 12 15 14 20 18 19 17 16 23 22 21
5 3 4 1 2 0 7 6 10 12 11 13 8 9 15 14 17 16 20 19 18 21 23 22
16 17 23 21 22 19 20 18 0 2 1 4 3 5 7 6 14 15 8 10 9 12 11 13
0 1 3 2 5 4 7 6 10 12 11 13 8 9 15 14 16 18 17 20 19 21 23 22
8 10 9 11 13 12 15 14 19 17 18 16 21 20 23 22 1 2 0 5 4 3 7 6
0 3 2 5 4 7 6 1 8 10 9 12 11 13 15 14 18 20 19 22 21 23 16 17
0 2 1 4 3 7 6 5 8 10 9 12 11 13 15 14 17 16 20 19 18 21 23 22
4 6 5 7 1 2 3 0 8 10 9 13 12 15 14 11 16 18 17 20 19 22 21 23
0 2 1 4 3 6 5 7 12 13 8 10 9 11 15 14 16 23 18 17 20 19 22 21
8 10 9 12 11 13 15 14 16 18 17 20 19 22 21 23 3 1 2 0 6 5 4 7
8 10 9 12 11 14 13 15 20 21 16 18 17 19 23 22 0 2 1 5 4 7 6 3
0 2 1 4 3 6 5 7 12 13 8 10 9 11 15 14 18 20 19 16 17 23 22 21
8 10 9 12 11 14 13 15 20 21 16 18 17 19 23 22 6 7 3 4 5 1 2 0
16 23 18 17 20 19 22 21 0 1 3 2 5 4 7 6 11 9 10 8 13 12 15 14
0 2 1 4 3 6 5 7 12 13 8 10 9 11 15 14 18 20 19 21 16 17 23 22
19 17 18 16 23 22 21 20 3 1 2 0 5 4 7 6 9 10 8 12 11 15 14 13
4 1 2 3 0 7 6 5 9 8 11 10 13 12 15 14 22 23 19 20 21 17 18 16
20 22 21 23 17 18 19 16 0 2 1 3 5 4 7 6 11 9 10 8 13 12 15 14
1 0 3 2 5 4 7 6 8 10 9 12 11 14 13 15 20 19 17 18 16 23 22 21
4 5 2 3 0 1 7 6 16 18 17 20 19 22 21 23 14 15 8 10 9 12 11 13
5 3 4 1 2 0 7 6 10 11 8 9 13 12 15 14 16 21 18 17 20 19 23 22
0 2 1 4 3 5 7 6 10 12 11 14 13 15 8 9 16 17 19 18 21 20 23 22
20 21 17 18 19 16 23 22 0 2 1 5 4 3 7 6 8 10 9 12 11 13 15 14
7 4 5 6 1 2 3 0 8 10 9 15 12 11 14 13 16 18 17 20 19 23 22 21
0 1 7 5 6 3 4 2 9 8 11 10 13 12 15 14 16 18 17 21 20 19 23 22
16 18 17 20 19 22 21 23 0 2 1 5 4 3 7 6 9 8 11 10 13 12 15 14
20 22 21 23 17 18 19 16 0 2 1 3 5 4 7 6 10 12 11 13 8 9 15 14
14 15 12 13 9 10 11 8 16 18 17 20 19 21 23 22 0 3 2 5 4 1 7 6
14 15 12 13 9 10 11 8 16 18 17 20 19 21 23 22 3 1 2 0 6 5 4 7
16 18 17 20 19 22 21 23 15 13 14 11 12 9 10 8 2 4 3 0 1 7 6 5
3 4 0 2 1 7 6 5 16 18 17 20 19 22 21 23 14 15 8 10 9 12 11 13
15 13 14 11 12 9 10 8 16 18 17 19 21 20 23 22 0 3 2 5 4 7 6 1
6 7 3 4 5 1 2 0 16 18 17 20 19 22 21 23 14 15 8 10 9 12 11 13
8 10 9 12 11 15 14 13 16 18 17 20 19 21 23 22 0 3 2 1 5 4 7 6
9 8 11 10 13 12 15 14 16 18 17 19 21 20 23 22 0 7 2 1 4 3 6 5
16 17 19 18 21 20 23 22 0 2 1 7 4 3 6 5 8 10 9 12 11 15 14 13
18 16 17 21 20 19 23 22 1 0 3 2 5 4 7 6 11 9 10 8 13 12 15 14
0 2 1 4 3 7 6 5 8 9 11 10 13 12 15 14 16 18 17 19 21 20 23 22
8 10 9 12 11 13 15 14 18 20 19 22 21 23 16 17 3 1 2 0 7 6 5 4
17 16 20 19 18 21 23 22 7 5 6 3 4 1 2 0 8 10 9 11 13 12 15 14
4 1 2 3 0 7 6 5 8 9 11 10 13 12 15 14 18 20 19 21 16 17 23 22
22 23 19 20 21 17 18 16 0 2 1 4 3 6 5 7 10 12 11 13 8 9 15 14
16 18 17 19 21 20 23 22 14 15 12 13 10 11 8 9 3 1 2 0 7 6 5 4
3 1 2 0 7 6 5 4 23 21 22 19 20 17 18 16 8 10 9 12 11 14 13 15
0 2 1 5 4 3 7 6 8 10 9 12 11 13 15 14 16 18 17 20 19 21 23 22
0 2 1 4 3 6 5 7 10 12 11 13 8 9 15 14 16 18 17 21 20 23 22 19
4 5 0 2 1 3 7 6 9 8 11 10 13 12 15 14 16 18 17 21 20 19 23 22
22 23 16 18 17 20 19 21 1 0 3 2 5 4 7 6 8 9 11 10 13 12 15 14
0 2 1 4 3 5 7 6 10 12 11 14 13 15 8 9 21 18 19 20 16 17 23 22
23 21 22 19 20 17 18 16 8 10 9 12 11 14 13 15 0 1 3 2 5 4 7 6
22 23 20 21 18 19 16 17 8 10 9 12 11 14 13 15 7 5 6 2 3 4 0 1
8 10 9 11 13 12 15 14 6 7 4 5 2 3 0 1 16 18 17 20 19 22 21 23
4 1 2 3 0 7 6 5 9 8 11 10 13 12 15 14 16 18 17 20 19 21 23 22
23 21 22 18 19 20 16 17 0 2 1 4 3 6 5 7 13 10 11 12 8 9 15 14
16 17 19 18 21 20 23 22 0 2 1 7 4 3 6 5 9 8 11 10 13 12 15 14
22 23 16 18 17 20 19 21 0 2 1 3 5 4 7 6 10 12 11 13 8 9 15 14
0 2 1 4 3 6 5 7 10 12 11 13 8 9 15 14 21 18 19 20 16 17 23 22
0 2 1 4 3 5 7 6 14 15 8 10 9 12 11 13 20 19 17 18 16 23 22 21
16 18 17 19 21 20 23 22 14 15 12 13 10 11 8 9 3 4 1 2 0 7 6 5
1 0 4 3 2 5 7 6 14 15 12 13 9 10 11 8 16 18 17 20 19 21 23 22
8 10 9 15 12 11 14 13 16 18 17 20 19 23 22 21 6 7 4 5 2 3 0 1
17 18 16 21 20 19 23 22 0 2 1 5 4 3 7 6 9 8 11 10 13 12 15 14
1 0 3 2 5 4 7 6 11 9 10 8 13 12 15 14 20 17 18 19 16 23 22 21
20 21 18 19 16 17 23 22 8 15 10 9 12 11 14 13 6 7 4 5 2 3 0 1
7 4 5 6 1 2 3 0 9 10 8 13 12 11 15 14 17 16 19 18 21 20 23 22
16 18 17 19 21 20 23 22 1 2 0 5 4 3 7 6 9 8 11 10 13 12 15 14
9 8 11 10 13 12 15 14 16 18 17 20 19 21 23 22 0 2 1 4 3 6 5 7
0 2 1 4 3 7 6 5 8 10 9 12 11 13 15 14 18 16 17 21 20 19 23 22
17 18 16 21 20 19 23 22 15 13 14 11 12 9 10 8 0 2 1 4 3 6 5 7
0 2 1 4 3 6 5 7 10 12 11 13 8 9 15 14 20 21 17 18 19 16 23 22
0 2 1 3 5 4 7 6 15 13 14 11 12 9 10 8 16 18 17 19 21 20 23 22
18 20 19 22 21 23 16 17 14 15 12 13 9 10 11 8 2 4 3 5 0 1 7 6
0 2 1 4 3 6 5 7 12 13 8 10 9 11 15 14 16 19 18 17 21 20 23 22
2 4 3 5 0 1 7 6 15 13 14 11 12 9 10 8 16 18 17 19 21 20 23 22
4 5 0 2 1 3 7 6 9 8 11 10 13 12 15 14 16 18 17 20 19 22 21 23
3 4 1 2 0 7 6 5 8 10 9 12 11 13 15 14 18 20 19 22 21 23 16 17
9 10 8 13 12 11 15 14 17 16 19 18 21 20 23 22 4 6 5 7 1 2 3 0
5 2 3 4 0 1 7 6 13 11 12 9 10 8 15 14 18 20 19 21 16 17 23 22
17 18 16 20 19 23 22 21 0 2 1 5 4 3 7 6 8 10 9 12 11 13 15 14
16 18 17 20 19 22 21 23 1 0 3 2 5 4 7 6 11 9 10 8 13 12 15 14
20 19 17 18 16 23 22 21 0 3 2 1 5 4 7 6 9 8 11 10 13 12 15 14
22 23 20 21 18 19 16 17 0 2 1 4 3 5 7 6 14 15 8 10 9 12 11 13
16 18 17 21 20 19 23 22 1 0 3 2 5 4 7 6 11 9 10 8 13 12 15 14
1 0 4 3 2 5 7 6 8 10 9 11 13 12 15 14 18 20 19 21 16 17 23 22
0 2 1 3 5 4 7 6 9 8 11 10 13 12 15 14 19 17 18 16 21 20 23 22
1 2 0 4 3 7 6 5 23 21 22 19 20 17 18 16 8 10 9 12 11 14 13 15
6 7 0 2 1 4 3 5 11 9 10 8 13 12 15 14 17 18 16 20 19 23 22 21
4 5 1 2 3 0 7 6 16 23 18 17 20 19 22 21 14 15 12 13 10 11 8 9
16 18 17 20 19 22 21 23 15 13 14 11 12 9 10 8 2 0 1 5 4 3 7 6
16 18 17 21 20 19 23 22 5 3 4 1 2 0 7 6 10 12 11 13 8 9 15 14
1 0 4 3 2 5 7 6 9 8 11 10 13 12 15 14 16 18 17 21 20 19 23 22
8 10 9 12 11 14 13 15 20 21 16 18 17 19 23 22 0 2 1 3 5 4 7 6
0 1 7 5 6 3 4 2 16 23 18 17 20 19 22 21 14 15 12 13 10 11 8 9
11 9 10 8 13 12 15 14 16 19 18 17 21 20 23 22 0 7 2 1 4 3 6 5
0 2 1 4 3 5 7 6 14 15 8 10 9 12 11 13 16 18 17 21 20 23 22 19
16 18 17 20 19 22 21 23 0 1 3 2 5 4 7 6 11 9 10 8 13 12 15 14
8 10 9 13 12 11 15 14 17 16 19 18 21 20 23 22 1 0 4 3 2 5 7 6
23 21 22 19 20 17 18 16 0 2 1 5 4 7 6 3 8 10 9 12 11 14 13 15
6 7 4 5 1 2 3 0 8 10 9 12 11 13 15 14 18 16 17 20 19 23 22 21
20 22 21 23 17 18 19 16 2 3 0 1 5 4 7 6 9 8 11 10 13 12 15 14
1 2 0 4 3 7 6 5 9 8 11 10 13 12 15 14 16 18 17 20 19 22 21 23
8 10 9 11 13 12 15 14 20 21 18 19 16 17 23 22 4 2 3 0 1 7 6 5
2 3 0 1 5 4 7 6 8 13 10 9 12 11 15 14 20 18 19 16 17 23 22 21
1 0 3 2 5 4 7 6 8 10 9 13 12 11 15 14 17 16 19 18 21 20 23 22
16 17 19 18 21 20 23 22 0 2 1 4 3 6 5 7 13 10 11 12 8 9 15 14
0 2 1 4 3 7 6 5 9 10 8 12 11 15 14 13 17 16 19 18 21 20 23 22
4 5 2 3 0 1 7 6 9 10 8 12 11 15 14 13 17 16 19 18 21 20 23 22
8 10 9 13 12 15 14 11 16 18 17 20 19 22 21 23 3 4 1 2 0 7 6 5
9 10 8 13 12 11 15 14 17 16 19 18 21 20 23 22 6 7 4 5 2 3 0 1
23 20 21 22 18 19 16 17 14 15 8 10 9 12 11 13 7 5 6 3 4 1 2 0
0 2 1 7 4 3 6 5 8 10 9 12 11 15 14 13 23 21 22 19 20 17 18 16
0 2 1 4 3 5 7 6 8 10 9 12 11 14 13 15 16 18 17 23 20 19 22 21
8 10 9 12 11 14 13 15 7 5 6 3 4 1 2 0 22 23 19 20 21 17 18 16
0 1 3 2 5 4 7 6 9 8 11 10 13 12 15 14 16 18 17 21 20 19 23 22
15 12 13 14 10 11 8 9 6 7 0 2 1 4 3 5 16 23 18 17 20 19 22 21
2 0 1 4 3 7 6 5 8 10 9 11 13 12 15 14 19 17 18 16 21 20 23 22
19 17 18 16 21 20 23 22 7 5 6 3 4 1 2 0 8 10 9 11 13 12 15 14
1 0 3 2 5 4 7 6 8 10 9 13 12 11 15 14 20 21 18 19 16 17 23 22
8 10 9 11 13 12 15 14 6 7 4 5 2 3 0 1 20 22 21 23 17 18 19 16
0 1 3 2 5 4 7 6 22 23 20 21 18 19 16 17 8 10 9 12 11 14 13 15
8 10 9 12 11 13 15 14 16 18 17 20 19 22 21 23 0 1 3 2 5 4 7 6
23 21 22 19 20 17 18 16 14 15 8 10 9 12 11 13 7 4 5 6 0 2 1 3
0 3 2 5 4 7 6 1 9 8 11 10 13 12 15 14 19 17 18 16 21 20 23 22
2 4 3 6 5 7 0 1 8 9 11 10 13 12 15 14 18 20 19 21 16 17 23 22
0 1 3 2 5 4 7 6 10 12 11 13 8 9 15 14 19 20 17 18 16 23 22 21
3 4 0 2 1 7 6 5 9 10 8 13 12 11 15 14 17 16 19 18 21 20 23 22
1 0 4 3 2 5 7 6 9 8 11 10 13 12 15 14 16 17 19 18 21 20 23 22
2 4 3 5 0 1 7 6 9 10 8 13 12 11 15 14 17 16 19 18 21 20 23 22
16 18 17 20 19 22 21 23 0 2 1 4 3 6 5 7 13 10 11 12 8 9 15 14
2 4 3 6 5 7 0 1 8 10 9 12 11 14 13 15 21 18 19 20 16 17 23 22
16 18 17 20 19 23 22 21 6 7 4 5 1 2 3 0 8 10 9 12 11 13 15 14
16 19 18 21 20 23 22 17 5 3 4 1 2 0 7 6 10 12 11 13 8 9 15 14
0 2 1 4 3 5 7 6 8 10 9 12 11 14 13 15 19 17 18 16 22 21 20 23
16 23 18 17 20 19 22 21 14 15 12 13 10 11 8 9 7 4 5 6 1 2 3 0
8 10 9 12 11 13 15 14 18 20 19 22 21 23 16 17 7 5 6 2 3 4 0 1
0 2 1 5 4 7 6 3 8 10 9 11 13 12 15 14 19 17 18 16 21 20 23 22
4 5 1 2 3 0 7 6 8 9 11 10 13 12 15 14 18 20 19 21 16 17 23 22
0 2 1 4 3 5 7 6 9 10 8 13 12 11 15 14 17 16 19 18 21 20 23 22
0 2 1 4 3 7 6 5 9 8 11 10 13 12 15 14 19 17 18 16 21 20 23 22
6 7 4 5 1 2 3 0 12 9 10 11 8 15 14 13 17 16 19 18 21 20 23 22
1 0 3 2 5 4 7 6 8 10 9 12 11 14 13 15 19 17 18 16 21 20 23 22
23 21 22 19 20 17 18 16 8 10 9 12 11 14 13 15 2 0 1 5 4 3 7 6
23 20 21 22 18 19 16 17 14 15 8 10 9 12 11 13 4 1 2 3 0 7 6 5
1 2 0 5 4 3 7 6 9 8 11 10 13 12 15 14 16 18 17 20 19 22 21 23
10 12 11 14 13 15 8 9 6 7 4 5 1 2 3 0 20 21 18 19 16 17 23 22
8 10 9 15 12 11 14 13 16 18 17 20 19 23 22 21 0 2 1 5 4 7 6 3
23 20 21 22 16 18 17 19 15 13 14 11 12 9 10 8 6 7 0 2 1 4 3 5
8 10 9 12 11 13 15 14 18 20 19 22 21 23 16 17 0 2 1 5 4 7 6 3
1 0 3 2 5 4 7 6 11 9 10 8 13 12 15 14 18 20 19 22 21 23 16 17
4 1 2 3 0 7 6 5 9 8 11 10 13 12 15 14 16 18 17 21 20 23 22 19
0 5 2 1 4 3 7 6 8 10 9 12 11 14 13 15 18 20 19 22 21 23 16 17
7 4 5 6 0 2 1 3 8 10 9 12 11 14 13 15 18 20 19 22 21 23 16 17
20 22 21 23 17 18 19 16 0 1 3 2 5 4 7 6 10 12 11 13 8 9 15 14
2 3 0 1 5 4 7 6 8 11 10 9 13 12 15 14 17 16 19 18 21 20 23 22
2 3 0 1 5 4 7 6 8 13 10 9 12 11 15 14 16 17 23 21 22 19 20 18
8 9 11 10 13 12 15 14 19 17 18 16 21 20 23 22 2 0 1 4 3 7 6 5
16 18 17 20 19 22 21 23 0 2 1 4 3 6 5 7 10 12 11 14 13 15 8 9
16 17 19 18 21 20 23 22 3 1 2 0 5 4 7 6 9 10 8 12 11 15 14 13
2 4 3 5 0 1 7 6 9 8 11 10 13 12 15 14 16 17 19 18 21 20 23 22
1 2 0 5 4 3 7 6 8 10 9 13 12 11 15 14 16 18 17 20 19 21 23 22
23 21 22 19 20 17 18 16 0 2 1 3 5 4 7 6 12 13 10 11 8 9 15 14
8 10 9 11 13 12 15 14 18 20 19 21 16 17 23 22 6 7 4 5 1 2 3 0
19 17 18 16 21 20 23 22 0 2 1 7 4 3 6 5 9 8 11 10 13 12 15 14
8 10 9 12 11 13 15 14 16 18 17 20 19 22 21 23 0 2 1 5 4 3 7 6
16 18 17 20 19 23 22 21 1 2 0 4 3 7 6 5 9 8 11 10 13 12 15 14
5 3 4 1 2 0 7 6 9 8 11 10 13 12 15 14 16 18 17 20 19 22 21 23
1 0 3 2 5 4 7 6 8 10 9 11 13 12 15 14 22 23 19 20 21 17 18 16
10 11 8 9 13 12 15 14 17 16 19 18 21 20 23 22 5 3 4 1 2 0 7 6
15 13 14 11 12 9 10 8 0 2 1 4 3 6 5 7 23 21 22 18 19 20 16 17
23 21 22 19 20 17 18 16 14 15 8 10 9 12 11 13 0 2 1 4 3 6 5 7
8 10 9 15 12 11 14 13 17 16 19 18 21 20 23 22 4 6 5 7 1 2 3 0
23 20 21 22 18 19 16 17 14 15 8 10 9 12 11 13 1 2 0 4 3 7 6 5
0 2 1 7 4 3 6 5 8 10 9 13 12 11 15 14 17 16 19 18 21 20 23 22
1 0 3 2 5 4 7 6 8 9 11 10 13 12 15 14 20 21 18 19 16 17 23 22
0 2 1 5 4 7 6 3 8 10 9 12 11 14 13 15 18 20 19 21 16 17 23 22
2 4 3 5 0 1 7 6 9 8 11 10 13 12 15 14 23 20 21 22 18 19 16 17
22 23 20 21 18 19 16 17 1 0 3 2 5 4 7 6 8 10 9 13 12 11 15 14
22 23 20 21 18 19 16 17 0 2 1 4 3 5 7 6 10 12 11 14 13 15 8 9
0 2 1 7 4 3 6 5 9 8 11 10 13 12 15 14 16 19 18 21 20 23 22 17
23 21 22 18 19 20 16 17 1 0 3 2 5 4 7 6 8 10 9 13 12 11 15 14
8 10 9 12 11 13 15 14 16 18 17 20 19 22 21 23 0 2 1 4 3 5 7 6
0 3 2 1 5 4 7 6 16 18 17 20 19 22 21 23 14 15 8 10 9 12 11 13
3 1 2 0 5 4 7 6 8 10 9 12 11 13 15 14 16 18 17 21 20 19 23 22
19 17 18 16 22 21 20 23 1 0 3 2 5 4 7 6 8 10 9 13 12 11 15 14
0 3 2 1 5 4 7 6 9 10 8 13 12 11 15 14 17 16 19 18 21 20 23 22
20 18 19 17 16 23 22 21 0 2 1 7 4 3 6 5 8 10 9 12 11 15 14 13
4 1 2 3 0 7 6 5 9 8 11 10 13 12 15 14 18 20 19 21 16 17 23 22
8 10 9 13 12 11 15 14 17 16 19 18 21 20 23 22 2 4 3 0 1 7 6 5
10 12 11 14 13 15 8 9 6 7 4 5 1 2 3 0 16 21 18 17 20 19 23 22
14 15 12 13 10 11 8 9 0 2 1 4 3 6 5 7 23 20 21 22 17 18 19 16
6 7 3 4 5 1 2 0 9 10 8 12 11 15 14 13 17 16 19 18 21 20 23 22
12 9 10 11 8 15 14 13 17 16 19 18 21 20 23 22 4 3 1 2 0 7 6 5
22 23 20 21 18 19 16 17 0 2 1 4 3 6 5 7 10 12 11 13 8 9 15 14
16 18 17 19 21 20 23 22 6 7 4 5 1 2 3 0 8 10 9 12 11 13 15 14
2 3 0 1 5 4 7 6 9 8 11 10 13 12 15 14 18 20 19 21 16 17 23 22
9 8 11 10 13 12 15 14 16 17 19 18 21 20 23 22 7 5 6 2 3 4 0 1
19 17 18 16 22 21 20 23 0 2 1 5 4 3 7 6 8 10 9 12 11 13 15 14
8 11 10 9 13 12 15 14 17 16 19 18 21 20 23 22 3 1 2 0 5 4 7 6
1 2 0 5 4 3 7 6 9 8 11 10 13 12 15 14 16 18 17 19 21 20 23 22
17 16 20 19 18 21 23 22 0 2 1 4 3 5 7 6 8 10 9 13 12 11 15 14
16 21 18 17 20 19 23 22 0 2 1 5 4 3 7 6 9 8 11 10 13 12 15 14
22 23 20 21 17 18 19 16 0 2 1 7 4 3 6 5 9 8 11 10 13 12 15 14
16 18 17 20 19 21 23 22 15 12 13 14 10 11 8 9 6 7 0 2 1 4 3 5
8 10 9 13 12 11 15 14 17 16 19 18 21 20 23 22 0 2 1 4 3 6 5 7
20 21 17 18 19 16 23 22 8 15 10 9 12 11 14 13 6 7 4 5 2 3 0 1
7 5 6 2 3 4 0 1 9 8 11 10 13 12 15 14 16 18 17 20 19 21 23 22
0 2 1 5 4 3 7 6 8 10 9 12 11 13 15 14 22 23 20 21 18 19 16 17
23 20 21 22 17 18 19 16 0 2 1 5 4 3 7 6 8 10 9 12 11 13 15 14
9 10 8 12 11 15 14 13 17 16 19 18 21 20 23 22 7 4 5 6 1 2 3 0
8 9 11 10 13 12 15 14 19 17 18 16 21 20 23 22 7 4 5 6 2 3 0 1
11 9 10 8 13 12 15 14 17 18 16 20 19 23 22 21 0 3 2 5 4 7 6 1
15 12 13 14 10 11 8 9 6 7 0 2 1 4 3 5 23 20 21 22 17 18 19 16
10 11 8 9 13 12 15 14 16 21 18 17 20 19 23 22 7 4 5 6 0 2 1 3
18 16 17 21 20 19 23 22 1 0 3 2 5 4 7 6 8 10 9 13 12 11 15 14
19 17 18 16 23 22 21 20 0 2 1 4 3 6 5 7 13 10 11 12 8 9 15 14
10 11 8 9 13 12 15 14 16 21 18 17 20 19 23 22 1 2 0 4 3 7 6 5
0 2 1 7 4 3 6 5 9 8 11 10 13 12 15 14 23 21 22 18 19 20 16 17
0 5 2 1 4 3 7 6 8 10 9 12 11 14 13 15 18 20 19 21 16 17 23 22
0 2 1 4 3 7 6 5 9 8 11 10 13 12 15 14 16 18 17 20 19 21 23 22
2 4 3 5 0 1 7 6 9 8 11 10 13 12 15 14 22 23 19 20 21 17 18 16
2 3 0 1 5 4 7 6 9 8 11 10 13 12 15 14 20 19 17 18 16 23 22 21
23 20 21 22 18 19 16 17 0 2 1 4 3 7 6 5 8 10 9 12 11 13 15 14
8 15 10 9 12 11 14 13 6 7 4 5 2 3 0 1 17 18 16 20 19 23 22 21
18 16 17 20 19 23 22 21 2 4 3 5 0 1 7 6 9 8 11 10 13 12 15 14
15 12 13 14 10 11 8 9 6 7 0 2 1 4 3 5 16 19 18 21 20 23 22 17
12 9 10 11 8 15 14 13 17 16 19 18 21 20 23 22 0 3 2 1 5 4 7 6
18 20 19 21 16 17 23 22 0 2 1 4 3 7 6 5 12 13 8 10 9 11 15 14
8 10 9 13 12 15 14 11 16 18 17 20 19 22 21 23 0 3 2 5 4 1 7 6
16 18 17 23 20 19 22 21 7 5 6 3 4 1 2 0 8 10 9 11 13 12 15 14
16 17 19 18 21 20 23 22 0 2 1 3 5 4 7 6 11 9 10 8 13 12 15 14
2 4 3 5 0 1 7 6 9 8 11 10 13 12 15 14 18 20 19 16 17 23 22 21
20 21 16 18 17 19 23 22 0 2 1 3 5 4 7 6 10 12 11 13 8 9 15 14
6 7 3 4 5 1 2 0 11 9 10 8 13 12 15 14 19 17 18 16 21 20 23 22
16 18 17 20 19 23 22 21 5 3 4 1 2 0 7 6 10 12 11 13 8 9 15 14
0 1 3 2 5 4 7 6 11 9 10 8 13 12 15 14 20 21 16 18 17 19 23 22
8 10 9 12 11 14 13 15 20 21 16 18 17 19 23 22 0 1 3 2 5 4 7 6
8 10 9 12 11 15 14 13 16 18 17 20 19 21 23 22 0 3 2 5 4 7 6 1
5 3 4 1 2 0 7 6 10 12 11 13 8 9 15 14 16 18 17 23 20 19 22 21
20 22 21 23 17 18 19 16 2 3 0 1 5 4 7 6 8 13 10 9 12 11 15 14
15 13 14 11 12 9 10 8 16 18 17 19 21 20 23 22 2 4 3 6 5 7 0 1
23 20 21 22 18 19 16 17 2 3 0 1 5 4 7 6 9 8 11 10 13 12 15 14
16 19 18 21 20 23 22 17 0 1 3 2 5 4 7 6 11 9 10 8 13 12 15 14
0 3 2 1 5 4 7 6 9 8 11 10 13 12 15 14 18 16 17 20 19 23 22 21
7 5 6 3 4 1 2 0 22 23 20 21 18 19 16 17 8 10 9 12 11 14 13 15
9 10 8 13 12 11 15 14 17 16 19 18 21 20 23 22 0 2 1 4 3 7 6 5
9 8 11 10 13 12 15 14 16 18 17 21 20 19 23 22 1 0 4 3 2 5 7 6
0 2 1 4 3 5 7 6 8 10 9 13 12 11 15 14 17 18 16 20 19 23 22 21
18 16 17 21 20 19 23 22 0 2 1 4 3 6 5 7 13 10 11 12 8 9 15 14
8 10 9 12 11 13 15 14 18 20 19 22 21 23 16 17 0 2 1 7 4 3 6 5
3 1 2 0 5 4 7 6 9 10 8 12 11 15 14 13 16 18 17 19 21 20 23 22
1 2 0 4 3 7 6 5 8 10 9 12 11 13 15 14 22 23 16 18 17 20 19 21
13 11 12 9 10 8 15 14 18 20 19 21 16 17 23 22 2 3 0 1 5 4 7 6
8 10 9 11 13 12 15 14 6 7 4 5 2 3 0 1 18 19 16 17 21 20 23 22
16 18 17 19 21 20 23 22 0 2 1 3 5 4 7 6 11 9 10 8 13 12 15 14
20 19 17 18 16 23 22 21 5 3 4 1 2 0 7 6 10 12 11 13 8 9 15 14
0 3 2 5 4 7 6 1 8 10 9 11 13 12 15 14 20 21 18 19 16 17 23 22
1 2 0 4 3 7 6 5 8 10 9 11 13 12 15 14 19 17 18 16 21 20 23 22
1 2 0 4 3 7 6 5 9 8 11 10 13 12 15 14 22 23 20 21 17 18 19 16
14 15 12 13 9 10 11 8 16 18 17 20 19 21 23 22 0 5 2 1 4 3 7 6
8 10 9 12 11 14 13 15 20 21 16 18 17 19 23 22 0 3 2 5 4 7 6 1
0 2 1 4 3 5 7 6 14 15 8 10 9 12 11 13 21 19 20 17 18 16 23 22
1 2 0 5 4 3 7 6 9 8 11 10 13 12 15 14 16 18 17 19 21 20 23 22
11 9 10 8 13 12 15 14 17 18 16 20 19 23 22 21 3 1 2 0 7 6 5 4
16 18 17 19 21 20 23 22 8 10 9 11 13 12 15 14 6 7 4 5 2 3 0 1
16 17 19 18 21 20 23 22 0 2 1 5 4 3 7 6 9 8 11 10 13 12 15 14
0 2 1 5 4 3 7 6 9 8 11 10 13 12 15 14 19 20 17 18 16 23 22 21
23 20 21 22 18 19 16 17 14 15 8 10 9 12 11 13 6 7 3 4 5 1 2 0
2 3 0 1 5 4 7 6 9 8 11 10 13 12 15 14 23 21 22 19 20 17 18 16
18 20 19 16 17 23 22 21 8 10 9 12 11 14 13 15 6 7 0 2 1 4 3 5
8 10 9 12 11 14 13 15 20 21 16 18 17 19 23 22 4 2 3 1 0 7 6 5
23 21 22 19 20 17 18 16 14 15 8 10 9 12 11 13 6 7 4 5 2 3 0 1
0 1 3 2 5 4 7 6 10 11 8 9 13 12 15 14 17 16 19 18 21 20 23 22
0 5 2 1 4 3 7 6 8 10 9 12 11 15 14 13 20 21 16 18 17 19 23 22
0 3 2 5 4 7 6 1 8 11 10 9 13 12 15 14 17 16 19 18 21 20 23 22
3 1 2 0 5 4 7 6 11 9 10 8 13 12 15 14 17 18 16 20 19 23 22 21
8 10 9 12 11 14 13 15 20 21 16 18 17 19 23 22 4 2 3 0 1 7 6 5
16 17 19 18 21 20 23 22 1 0 3 2 5 4 7 6 11 9 10 8 13 12 15 14
16 17 23 21 22 19 20 18 0 2 1 4 3 7 6 5 12 13 8 10 9 11 15 14
16 18 17 20 19 22 21 23 2 3 0 1 5 4 7 6 8 13 10 9 12 11 15 14
18 19 16 17 21 20 23 22 5 3 4 1 2 0 7 6 10 12 11 13 8 9 15 14
0 2 1 4 3 6 5 7 16 23 18 17 20 19 22 21 14 15 12 13 10 11 8 9
0 2 1 4 3 7 6 5 12 13 8 10 9 11 15 14 16 17 19 18 21 20 23 22
0 3 2 5 4 7 6 1 13 11 12 9 10 8 15 14 18 20 19 21 16 17 23 22
6 7 4 5 2 3 0 1 8 10 9 12 11 15 14 13 20 21 16 18 17 19 23 22
4 5 0 2 1 3 7 6 11 9 10 8 13 12 15 14 16 19 18 17 21 20 23 22
0 2 1 4 3 7 6 5 8 10 9 12 11 13 15 14 19 17 18 16 23 22 21 20
4 2 3 1 0 7 6 5 8 10 9 13 12 11 15 14 16 18 17 20 19 21 23 22
0 2 1 5 4 3 7 6 8 10 9 12 11 13 15 14 16 18 17 20 19 23 22 21
10 12 11 13 8 9 15 14 17 16 19 18 21 20 23 22 1 2 0 5 4 3 7 6
0 2 1 3 5 4 7 6 11 9 10 8 13 12 15 14 19 17 18 16 21 20 23 22
6 7 0 2 1 4 3 5 8 9 11 10 13 12 15 14 19 17 18 16 21 20 23 22
0 2 1 3 5 4 7 6 12 13 10 11 8 9 15 14 21 18 19 20 16 17 23 22
0 2 1 7 4 3 6 5 9 8 11 10 13 12 15 14 16 19 18 17 21 20 23 22
8 10 9 12 11 15 14 13 20 21 16 18 17 19 23 22 7 5 6 3 4 1 2 0
15 13 14 11 12 9 10 8 6 7 0 2 1 4 3 5 16 19 18 21 20 23 22 17
17 18 16 21 20 19 23 22 1 0 3 2 5 4 7 6 8 9 11 10 13 12 15 14
0 2 1 4 3 6 5 7 12 13 8 10 9 11 15 14 17 18 16 20 19 23 22 21
19 20 17 18 16 23 22 21 2 3 0 1 5 4 7 6 8 13 10 9 12 11 15 14
1 2 0 5 4 3 7 6 9 8 11 10 13 12 15 14 18 20 19 21 16 17 23 22
3 1 2 0 5 4 7 6 15 13 14 11 12 9 10 8 16 18 17 19 21 20 23 22
9 8 11 10 13 12 15 14 19 17 18 16 21 20 23 22 6 7 3 4 5 1 2 0
0 2 1 5 4 7 6 3 8 9 11 10 13 12 15 14 19 17 18 16 21 20 23 22
15 12 13 14 10 11 8 9 6 7 0 2 1 4 3 5 19 17 18 16 21 20 23 22
7 4 5 6 0 2 1 3 13 11 12 9 10 8 15 14 18 20 19 21 16 17 23 22
0 2 1 4 3 5 7 6 9 8 11 10 13 12 15 14 16 18 17 21 20 19 23 22
19 17 18 16 21 20 23 22 0 2 1 4 3 5 7 6 10 12 11 14 13 15 8 9
7 4 5 6 0 2 1 3 12 9 10 11 8 15 14 13 17 16 19 18 21 20 23 22
18 20 19 16 17 23 22 21 14 15 12 13 10 11 8 9 0 2 1 4 3 6 5 7
5 2 3 4 0 1 7 6 8 10 9 15 12 11 14 13 16 18 17 20 19 23 22 21
0 2 1 4 3 6 5 7 12 13 8 10 9 11 15 14 17 16 20 19 18 21 23 22
20 18 19 16 17 23 22 21 0 1 3 2 5 4 7 6 10 12 11 13 8 9 15 14
0 1 3 2 5 4 7 6 11 9 10 8 13 12 15 14 20 18 19 16 17 23 22 21
0 1 3 2 5 4 7 6 9 8 11 10 13 12 15 14 16 18 17 20 19 21 23 22
8 10 9 15 12 11 14 13 16 18 17 20 19 23 22 21 0 2 1 4 3 6 5 7
10 11 8 9 13 12 15 14 17 16 19 18 21 20 23 22 0 3 2 5 4 7 6 1
8 10 9 12 11 14 13 15 7 5 6 3 4 1 2 0 22 23 20 21 18 19 16 17
8 10 9 11 13 12 15 14 19 17 18 16 21 20 23 22 0 5 2 1 4 3 7 6
3 1 2 0 7 6 5 4 11 9 10 8 13 12 15 14 17 18 16 20 19 23 22 21
23 20 21 22 17 18 19 16 3 1 2 0 5 4 7 6 8 11 10 9 13 12 15 14
16 19 18 17 21 20 23 22 2 3 0 1 5 4 7 6 9 8 11 10 13 12 15 14
1 0 3 2 5 4 7 6 8 10 9 11 13 12 15 14 20 21 18 19 16 17 23 22
23 21 22 19 20 17 18 16 0 1 3 2 5 4 7 6 10 12 11 13 8 9 15 14
0 2 1 5 4 3 7 6 8 10 9 12 11 13 15 14 20 21 18 19 16 17 23 22
9 8 11 10 13 12 15 14 16 18 17 19 21 20 23 22 0 2 1 5 4 3 7 6
19 17 18 16 21 20 23 22 6 7 4 5 1 2 3 0 8 10 9 12 11 13 15 14
20 18 19 17 16 23 22 21 0 2 1 7 4 3 6 5 9 8 11 10 13 12 15 14
8 10 9 12 11 13 15 14 16 18 17 21 20 19 23 22 4 2 3 0 1 7 6 5
20 18 19 16 17 23 22 21 5 3 4 1 2 0 7 6 10 12 11 13 8 9 15 14
0 3 2 1 5 4 7 6 8 10 9 11 13 12 15 14 20 21 18 19 16 17 23 22
8 10 9 15 12 11 14 13 16 18 17 20 19 23 22 21 3 4 0 2 1 7 6 5
8 10 9 13 12 15 14 11 16 18 17 20 19 22 21 23 0 1 3 2 5 4 7 6
0 2 1 3 5 4 7 6 10 12 11 13 8 9 15 14 16 18 17 21 20 23 22 19
7 5 6 2 3 4 0 1 9 8 11 10 13 12 15 14 19 17 18 16 21 20 23 22
0 5 2 1 4 3 7 6 8 10 9 12 11 13 15 14 22 23 16 18 17 20 19 21
4 5 1 2 3 0 7 6 8 9 11 10 13 12 15 14 19 17 18 16 21 20 23 22
16 23 18 17 20 19 22 21 14 15 12 13 10 11 8 9 2 4 3 5 0 1 7 6
1 2 0 4 3 7 6 5 9 8 11 10 13 12 15 14 20 21 16 18 17 19 23 22
9 8 11 10 13 12 15 14 19 17 18 16 21 20 23 22 0 7 2 1 4 3 6 5
7 5 6 3 4 1 2 0 8 10 9 11 13 12 15 14 20 21 17 18 19 16 23 22
1 2 0 4 3 7 6 5 9 8 11 10 13 12 15 14 23 20 21 22 17 18 19 16
1 2 0 4 3 7 6 5 9 8 11 10 13 12 15 14 17 18 16 20 19 23 22 21
6 7 3 4 5 1 2 0 13 11 12 9 10 8 15 14 18 20 19 21 16 17 23 22
8 10 9 12 11 14 13 15 20 21 16 18 17 19 23 22 3 1 2 0 6 5 4 7
20 18 19 16 17 23 22 21 0 2 1 7 4 3 6 5 8 10 9 12 11 15 14 13
20 21 17 18 19 16 23 22 0 2 1 4 3 5 7 6 8 10 9 13 12 11 15 14
1 0 3 2 5 4 7 6 8 10 9 12 11 13 15 14 16 18 17 20 19 21 23 22
0 2 1 4 3 7 6 5 23 21 22 19 20 17 18 16 8 10 9 12 11 14 13 15
4 5 0 2 1 3 7 6 13 11 12 9 10 8 15 14 18 20 19 21 16 17 23 22
4 6 5 7 1 2 3 0 8 10 9 12 11 14 13 15 18 20 19 21 16 17 23 22
8 10 9 12 11 14 13 15 20 21 16 18 17 19 23 22 4 3 1 2 0 7 6 5
15 13 14 11 12 9 10 8 6 7 0 2 1 4 3 5 17 16 19 18 21 20 23 22
0 1 3 2 5 4 7 6 10 12 11 13 8 9 15 14 20 19 17 18 16 23 22 21
8 10 9 12 11 14 13 15 20 21 16 18 17 19 23 22 2 4 3 5 0 1 7 6
7 5 6 3 4 1 2 0 8 10 9 11 13 12 15 14 17 18 16 20 19 23 22 21
8 15 10 9 12 11 14 13 6 7 4 5 2 3 0 1 18 16 17 20 19 23 22 21
2 4 3 0 1 7 6 5 23 20 21 22 18 19 16 17 14 15 8 10 9 12 11 13
10 11 8 9 13 12 15 14 16 21 18 17 20 19 23 22 3 1 2 0 5 4 7 6
0 2 1 4 3 6 5 7 10 12 11 13 8 9 15 14 18 20 19 16 17 23 22 21
7 5 6 3 4 1 2 0 8 10 9 12 11 15 14 13 16 18 17 20 19 21 23 22
16 23 18 17 20 19 22 21 6 7 4 5 1 2 3 0 8 10 9 12 11 13 15 14
20 18 19 17 16 23 22 21 15 12 13 14 10 11 8 9 6 7 0 2 1 4 3 5
13 11 12 9 10 8 15 14 18 20 19 21 16 17 23 22 0 3 2 5 4 7 6 1
20 18 19 17 16 23 22 21 10 12 11 14 13 15 8 9 6 7 4 5 1 2 3 0
23 21 22 19 20 17 18 16 8 10 9 12 11 14 13 15 0 2 1 5 4 7 6 3
8 10 9 15 12 11 14 13 16 18 17 20 19 23 22 21 0 2 1 4 3 7 6 5
7 4 5 6 0 2 1 3 16 23 18 17 20 19 22 21 14 15 12 13 10 11 8 9
16 17 19 18 21 20 23 22 1 0 3 2 5 4 7 6 8 10 9 12 11 13 15 14
20 21 17 18 19 16 23 22 15 12 13 14 10 11 8 9 6 7 0 2 1 4 3 5
8 10 9 12 11 15 14 13 16 18 17 20 19 21 23 22 0 2 1 5 4 7 6 3
0 7 2 1 4 3 6 5 9 8 11 10 13 12 15 14 16 17 19 18 21 20 23 22
18 19 16 17 21 20 23 22 2 3 0 1 5 4 7 6 8 13 10 9 12 11 15 14
17 16 19 18 21 20 23 22 1 0 3 2 5 4 7 6 8 10 9 12 11 14 13 15
1 0 3 2 5 4 7 6 8 10 9 12 11 14 13 15 18 20 19 21 16 17 23 22
8 10 9 15 12 11 14 13 17 16 19 18 21 20 23 22 6 7 4 5 1 2 3 0
