0 2 1 7 4 3 6 5 9 8 11 10 13 12 15 14 16 18 17 21 20 19 23 22 25 24 27 26
0 2 1 4 3 5 7 6 14 15 8 10 9 12 11 13 20 21 18 19 16 17 23 22 25 24 27 26
26 27 23 24 25 21 22 19 20 17 18 16 8 10 9 12 11 14 13 15 6 7 0 2 1 4 3 5
12 14 13 16 15 18 17 19 25 22 23 24 20 21 27 26 0 2 1 4 3 6 5 8 7 11 10 9
0 2 1 4 3 6 5 7 10 12 11 14 13 15 8 9 17 16 19 18 21 20 24 23 22 25 27 26
12 13 15 14 17 16 19 18 20 22 21 23 25 24 27 26 11 9 10 6 7 8 4 5 2 3 0 1
12 14 13 15 17 16 19 18 23 21 22 20 25 24 27 26 4 5 2 3 0 1 7 6 9 8 11 10
20 22 21 24 23 26 25 27 18 19 12 14 13 16 15 17 2 3 0 1 5 4 7 6 9 8 11 10
0 2 1 4 3 6 5 8 7 10 9 11 12 14 13 17 16 19 18 15 20 22 21 24 23 26 25 27
6 7 4 5 2 3 0 1 9 8 11 10 12 13 15 14 17 16 19 18 22 24 23 25 20 21 27 26
13 14 12 17 16 15 19 18 21 20 23 22 25 24 27 26 2 3 0 1 5 4 7 6 9 8 11 10
22 23 20 21 18 19 16 17 25 24 27 26 0 2 1 4 3 6 5 7 10 12 11 14 13 15 8 9
1 0 3 2 6 5 4 8 7 9 11 10 13 12 15 14 17 16 19 18 23 21 22 20 25 24 27 26
20 22 21 23 25 24 27 26 18 19 16 17 14 15 12 13 4 5 2 3 0 1 7 6 9 8 11 10
0 2 1 3 5 4 7 6 10 12 11 13 8 9 15 14 17 18 16 20 19 23 22 21 25 24 27 26
1 0 3 2 5 4 8 7 6 9 11 10 12 14 13 16 15 17 19 18 20 22 21 25 24 23 27 26
13 12 15 14 17 16 19 18 20 21 23 22 25 24 27 26 0 2 1 4 3 6 5 8 7 11 10 9
3 1 2 0 5 4 7 6 11 9 10 8 13 12 15 14 17 16 19 18 22 21 20 24 23 25 27 26
12 14 13 15 17 16 19 18 22 24 23 25 20 21 27 26 8 9 6 7 4 5 2 3 0 1 11 10
12 14 13 17 16 15 19 18 21 20 23 22 25 24 27 26 1 2 0 4 3 6 5 9 8 7 11 10
1 2 0 5 4 3 7 6 9 8 11 10 13 12 15 14 16 17 20 19 18 22 21 25 24 23 27 26
0 3 2 5 4 7 6 9 8 1 11 10 12 14 13 16 15 18 17 19 24 25 20 22 21 23 27 26
27 25 26 23 24 21 22 20 18 19 12 14 13 16 15 17 0 1 3 2 6 5 4 9 8 7 11 10
16 18 17 19 21 20 24 23 22 27 26 25 8 15 10 9 12 11 14 13 6 7 4 5 2 3 0 1
0 1 3 2 5 4 7 6 10 12 11 13 8 9 15 14 19 17 18 16 21 20 23 22 25 24 27 26
13 12 15 14 17 16 19 18 20 22 21 23 25 24 27 26 10 11 7 8 9 5 6 3 4 1 2 0
17 18 16 20 19 22 21 24 23 27 26 25 0 2 1 4 3 6 5 7 10 12 11 14 13 15 8 9
18 16 17 20 19 22 21 25 24 23 27 26 0 2 1 3 5 4 7 6 10 12 11 13 8 9 15 14
10 11 8 9 6 7 4 5 2 3 0 1 12 13 15 14 17 16 19 18 20 22 21 23 25 24 27 26
16 17 20 19 18 22 21 25 24 23 27 26 0 2 1 7 4 3 6 5 9 8 11 10 13 12 15 14
27 25 26 23 24 20 21 22 18 19 16 17 0 2 1 3 5 4 7 6 12 13 10 11 8 9 15 14
11 9 10 6 7 8 4 5 2 3 0 1 13 12 15 14 17 16 19 18 20 22 21 23 25 24 27 26
17 16 19 18 21 20 23 22 25 24 27 26 1 0 3 2 5 4 7 6 11 9 10 8 13 12 15 14
17 16 19 18 21 20 23 22 25 24 27 26 0 2 1 4 3 6 5 7 13 10 11 12 8 9 15 14
27 24 25 26 22 23 20 21 18 19 16 17 2 4 3 5 0 1 7 6 9 8 11 10 13 12 15 14
22 23 20 21 18 19 16 17 25 24 27 26 14 15 12 13 10 11 8 9 0 2 1 4 3 6 5 7
0 2 1 4 3 5 7 6 8 10 9 13 12 11 15 14 16 17 20 19 18 22 21 25 24 23 27 26
13 14 12 17 16 15 19 18 21 20 23 22 25 24 27 26 1 2 0 4 3 7 6 5 9 8 11 10
1 0 3 2 5 4 7 6 11 9 10 8 13 12 15 14 16 18 17 20 19 23 22 21 25 24 27 26
5 3 4 1 2 0 7 6 9 8 11 10 22 24 23 26 25 27 20 21 18 19 16 17 13 14 15 12
21 19 20 17 18 16 23 22 25 24 27 26 1 0 3 2 5 4 7 6 8 10 9 13 12 11 15 14
12 14 13 16 15 18 17 19 22 24 23 25 20 21 27 26 11 9 10 7 8 4 5 6 2 3 0 1
18 19 16 17 13 14 15 12 20 22 21 24 23 25 27 26 2 0 1 5 4 3 7 6 9 8 11 10
16 13 14 15 12 19 18 17 21 20 23 22 25 24 27 26 0 2 1 4 3 7 6 5 9 8 11 10
0 2 1 4 3 6 5 9 8 7 11 10 22 24 23 26 25 27 20 21 18 19 16 17 13 14 15 12
20 22 21 24 23 26 25 27 18 19 12 14 13 16 15 17 0 2 1 4 3 5 7 6 9 8 11 10
17 16 19 18 22 21 20 24 23 25 27 26 8 10 9 11 13 12 15 14 6 7 4 5 2 3 0 1
17 18 16 20 19 23 22 21 25 24 27 26 0 1 3 2 5 4 7 6 10 12 11 13 8 9 15 14
12 14 13 16 15 17 19 18 22 24 23 26 25 27 20 21 0 1 3 2 5 4 7 6 9 8 11 10
17 15 16 13 14 12 19 18 22 24 23 25 20 21 27 26 0 3 2 5 4 7 6 9 8 1 11 10
0 1 3 2 5 4 7 6 11 9 10 8 13 12 15 14 24 25 22 23 20 21 18 19 16 17 27 26
12 14 13 16 15 19 18 17 20 22 21 24 23 25 27 26 0 3 2 5 4 7 6 9 8 1 11 10
16 17 19 18 21 20 24 23 22 27 26 25 3 1 2 0 5 4 7 6 11 9 10 8 13 12 15 14
1 0 3 2 5 4 8 7 6 9 11 10 12 14 13 17 16 15 19 18 20 22 21 24 23 25 27 26
13 14 12 17 16 15 19 18 21 20 23 22 25 24 27 26 0 2 1 3 5 4 7 6 9 8 11 10
16 18 17 20 19 24 23 22 21 27 26 25 0 2 1 3 5 4 7 6 11 9 10 8 13 12 15 14
16 18 17 20 19 22 21 24 23 25 27 26 1 0 3 2 5 4 7 6 8 10 9 13 12 11 15 14
0 1 3 2 5 4 7 6 8 10 9 11 13 12 15 14 17 18 16 20 19 22 21 25 24 23 27 26
0 2 1 5 4 3 7 6 9 8 11 10 12 14 13 16 15 19 18 17 24 25 20 22 21 23 27 26
12 14 13 16 15 18 17 19 22 24 23 25 20 21 27 26 2 4 3 0 1 6 5 9 8 7 11 10
21 19 20 17 18 16 23 22 25 24 27 26 15 13 14 11 12 9 10 8 6 7 0 2 1 4 3 5
0 1 3 2 6 5 4 9 8 7 11 10 15 13 14 12 17 16 19 18 20 23 22 21 25 24 27 26
16 18 17 19 22 21 20 25 24 23 27 26 7 5 6 3 4 1 2 0 8 10 9 11 13 12 15 14
0 2 1 4 3 6 5 8 7 11 10 9 13 12 15 14 17 16 19 18 20 21 23 22 25 24 27 26
22 24 23 26 25 27 20 21 18 19 16 17 13 14 15 12 0 2 1 4 3 6 5 9 8 7 11 10
16 18 17 19 21 20 23 22 25 24 27 26 0 2 1 4 3 5 7 6 8 10 9 13 12 11 15 14
18 19 16 17 13 14 15 12 20 22 21 24 23 25 27 26 0 1 3 2 6 5 4 9 8 7 11 10
20 22 21 24 23 26 25 27 19 17 18 15 16 13 14 12 0 1 4 3 2 6 5 9 8 7 11 10
1 0 3 2 5 4 7 6 11 9 10 8 13 12 15 14 17 18 16 21 20 19 23 22 25 24 27 26
13 12 15 14 17 16 19 18 20 22 21 24 23 26 25 27 0 2 1 3 5 4 8 7 6 11 10 9
16 18 17 20 19 22 21 24 23 25 27 26 7 5 6 3 4 1 2 0 8 10 9 11 13 12 15 14
17 16 19 18 22 21 20 24 23 25 27 26 4 1 2 3 0 7 6 5 9 8 11 10 13 12 15 14
10 11 8 9 6 7 4 5 1 2 3 0 13 12 15 14 17 16 19 18 20 21 23 22 25 24 27 26
14 15 12 13 17 16 19 18 21 20 23 22 25 24 27 26 3 4 0 2 1 6 5 9 8 7 11 10
4 1 2 3 0 7 6 5 9 8 11 10 13 12 15 14 20 21 18 19 16 17 23 22 25 24 27 26
3 1 2 0 5 4 7 6 9 10 8 12 11 15 14 13 16 18 17 20 19 21 23 22 25 24 27 26
1 0 4 3 2 6 5 8 7 9 11 10 12 14 13 15 17 16 19 18 23 21 22 20 25 24 27 26
26 27 24 25 22 23 20 21 17 18 19 16 0 2 1 4 3 6 5 7 10 12 11 13 8 9 15 14
16 18 17 20 19 22 21 25 24 23 27 26 0 2 1 3 5 4 7 6 10 12 11 13 8 9 15 14
6 7 4 5 1 2 3 0 8 10 9 12 11 13 15 14 18 16 17 21 20 19 23 22 25 24 27 26
14 15 12 13 10 11 8 9 0 2 1 4 3 6 5 7 27 25 26 23 24 20 21 22 18 19 16 17
0 3 2 1 5 4 7 6 9 8 11 10 13 12 15 14 26 27 23 24 25 21 22 19 20 17 18 16
13 12 15 14 17 16 19 18 23 21 22 20 25 24 27 26 1 0 4 3 2 6 5 7 9 8 11 10
17 18 16 21 20 19 23 22 25 24 27 26 10 12 11 14 13 15 8 9 6 7 4 5 1 2 3 0
11 8 9 10 6 7 4 5 2 3 0 1 12 14 13 16 15 17 19 18 22 24 23 26 25 27 20 21
1 0 4 3 2 6 5 7 9 8 11 10 12 14 13 16 15 18 17 19 22 24 23 25 20 21 27 26
1 2 0 5 4 3 7 6 9 8 11 10 13 12 15 14 17 16 19 18 20 22 21 24 23 26 25 27
27 25 26 23 24 21 22 20 18 19 12 14 13 16 15 17 3 4 0 2 1 6 5 9 8 7 11 10
2 3 0 1 5 4 7 6 9 8 11 10 14 15 12 13 17 16 19 18 20 25 22 21 24 23 27 26
15 13 14 12 17 16 19 18 23 21 22 20 25 24 27 26 2 0 1 4 3 7 6 5 9 8 11 10
16 18 17 20 19 22 21 24 23 27 26 25 0 2 1 4 3 7 6 5 8 10 9 12 11 13 15 14
12 14 13 15 17 16 19 18 22 24 23 25 20 21 27 26 1 2 0 5 4 3 7 6 9 8 11 10
17 18 16 20 19 22 21 25 24 23 27 26 5 3 4 1 2 0 7 6 10 12 11 13 8 9 15 14
1 2 0 4 3 6 5 8 7 11 10 9 12 14 13 19 16 15 18 17 21 20 23 22 25 24 27 26
26 27 23 24 25 21 22 19 20 17 18 16 2 4 3 5 0 1 7 6 9 8 11 10 13 12 15 14
2 4 3 5 0 1 7 6 9 8 11 10 13 12 15 14 17 18 16 20 19 23 22 21 25 24 27 26
13 12 15 14 17 16 19 18 20 22 21 25 24 23 27 26 1 2 0 4 3 6 5 9 8 7 11 10
0 2 1 3 5 4 7 6 12 13 10 11 8 9 15 14 19 20 16 18 17 22 21 25 24 23 27 26
27 25 26 23 24 21 22 20 18 19 12 14 13 16 15 17 1 0 4 3 2 6 5 7 9 8 11 10
16 13 14 15 12 19 18 17 21 20 23 22 25 24 27 26 8 9 6 7 4 5 2 3 0 1 11 10
12 14 13 16 15 18 17 19 25 22 23 24 20 21 27 26 10 11 8 9 6 7 4 5 2 3 0 1
0 2 1 7 4 3 6 5 9 8 11 10 13 12 15 14 16 19 18 21 20 23 22 25 24 17 27 26
16 19 18 17 21 20 23 22 25 24 27 26 0 2 1 3 5 4 7 6 12 13 10 11 8 9 15 14
12 14 13 16 15 18 17 19 22 24 23 26 25 27 20 21 11 9 10 6 7 8 4 5 2 3 0 1
0 2 1 5 4 7 6 3 8 10 9 12 11 14 13 15 17 18 16 20 19 23 22 21 25 24 27 26
16 25 18 17 20 19 22 21 24 23 27 26 15 13 14 11 12 9 10 8 6 7 0 2 1 4 3 5
0 1 3 2 5 4 7 6 11 9 10 8 13 12 15 14 16 18 17 20 19 22 21 25 24 23 27 26
1 0 3 2 5 4 7 6 8 10 9 12 11 13 15 14 16 18 17 20 19 22 21 25 24 23 27 26
19 17 18 16 21 20 23 22 25 24 27 26 8 10 9 12 11 14 13 15 7 5 6 3 4 1 2 0
3 1 2 0 5 4 7 6 11 9 10 8 13 12 15 14 18 16 17 21 20 19 23 22 25 24 27 26
0 2 1 4 3 6 5 7 12 13 8 10 9 11 15 14 27 25 26 23 24 20 21 22 18 19 16 17
27 24 25 26 22 23 20 21 18 19 16 17 0 2 1 4 3 7 6 5 12 13 8 10 9 11 15 14
14 15 12 13 17 16 19 18 20 25 22 21 24 23 27 26 0 2 1 4 3 7 6 5 10 9 8 11
0 1 3 2 5 4 7 6 11 9 10 8 13 12 15 14 19 17 18 16 21 20 23 22 25 24 27 26
13 12 15 14 17 16 19 18 20 22 21 24 23 26 25 27 3 4 0 2 1 6 5 9 8 7 11 10
0 2 1 3 5 4 7 6 12 13 10 11 8 9 15 14 19 17 18 16 21 20 23 22 25 24 27 26
2 3 0 1 5 4 7 6 9 8 11 10 12 14 13 19 16 15 18 17 21 20 23 22 25 24 27 26
0 2 1 4 3 6 5 9 8 7 11 10 12 14 13 16 15 18 17 19 22 24 23 26 25 27 20 21
8 9 6 7 4 5 2 3 0 1 11 10 19 17 18 15 16 13 14 12 20 22 21 23 25 24 27 26
21 19 20 17 18 16 23 22 25 24 27 26 0 2 1 4 3 6 5 7 12 13 8 10 9 11 15 14
12 14 13 17 16 15 19 18 20 22 21 24 23 25 27 26 0 2 1 4 3 6 5 9 8 7 11 10
3 1 2 0 5 4 7 6 8 11 10 9 13 12 15 14 16 18 17 19 22 21 20 25 24 23 27 26
1 0 3 2 5 4 8 7 6 9 11 10 12 14 13 16 15 18 17 19 24 25 20 22 21 23 27 26
0 2 1 4 3 6 5 7 10 12 11 14 13 15 8 9 17 18 16 20 19 22 21 25 24 23 27 26
16 17 19 18 21 20 24 23 22 27 26 25 0 2 1 3 5 4 7 6 12 13 10 11 8 9 15 14
11 8 9 10 6 7 4 5 2 3 0 1 13 12 15 14 17 16 19 18 20 21 23 22 25 24 27 26
13 12 15 14 17 16 19 18 23 21 22 20 25 24 27 26 4 5 2 3 0 1 7 6 9 8 11 10
0 2 1 4 3 6 5 7 10 12 11 13 8 9 15 14 18 16 17 20 19 22 21 25 24 23 27 26
16 18 17 19 22 21 20 25 24 23 27 26 8 10 9 12 11 14 13 15 6 7 0 2 1 4 3 5
17 16 19 18 21 20 23 22 25 24 27 26 0 2 1 5 4 3 7 6 9 8 11 10 13 12 15 14
12 14 13 19 16 15 18 17 20 22 21 24 23 27 26 25 0 3 2 5 4 7 6 9 8 1 11 10
2 4 3 5 0 1 7 6 9 8 11 10 13 12 15 14 17 16 20 19 18 22 21 24 23 25 27 26
16 17 19 18 21 20 23 22 25 24 27 26 3 1 2 0 5 4 7 6 8 11 10 9 13 12 15 14
13 14 12 16 15 19 18 17 21 20 23 22 25 24 27 26 0 1 3 2 5 4 7 6 9 8 11 10
12 14 13 19 16 15 18 17 20 22 21 24 23 27 26 25 0 2 1 4 3 8 7 6 5 11 10 9
2 3 0 1 5 4 7 6 9 8 11 10 13 12 15 14 17 16 20 19 18 22 21 23 25 24 27 26
8 10 9 12 11 14 13 15 6 7 0 2 1 4 3 5 16 18 17 20 19 22 21 25 24 23 27 26
12 14 13 16 15 18 17 19 22 24 23 25 20 21 27 26 0 2 1 4 3 8 7 6 5 11 10 9
3 1 2 0 5 4 7 6 8 11 10 9 13 12 15 14 17 16 20 19 18 22 21 23 25 24 27 26
17 16 19 18 21 20 24 23 22 25 27 26 0 2 1 7 4 3 6 5 9 8 11 10 13 12 15 14
20 27 22 21 24 23 26 25 18 19 16 17 14 15 12 13 2 0 1 4 3 7 6 5 9 8 11 10
3 1 2 0 5 4 7 6 9 10 8 12 11 15 14 13 16 18 17 20 19 24 23 22 21 27 26 25
0 1 4 3 2 6 5 9 8 7 11 10 12 14 13 17 16 15 19 18 21 20 23 22 25 24 27 26
16 18 17 20 19 22 21 25 24 23 27 26 0 2 1 4 3 5 7 6 8 10 9 13 12 11 15 14
0 1 3 2 5 4 7 6 11 9 10 8 13 12 15 14 16 25 18 17 20 19 22 21 24 23 27 26
16 19 18 17 21 20 23 22 25 24 27 26 0 3 2 1 5 4 7 6 9 8 11 10 13 12 15 14
19 17 18 16 21 20 23 22 25 24 27 26 0 2 1 4 3 6 5 7 12 13 8 10 9 11 15 14
17 18 16 20 19 22 21 24 23 27 26 25 8 10 9 12 11 14 13 15 7 5 6 3 4 1 2 0
1 0 3 2 5 4 7 6 9 8 11 10 13 14 12 16 15 19 18 17 21 20 23 22 25 24 27 26
20 22 21 23 25 24 27 26 18 19 16 17 14 15 12 13 11 8 9 10 6 7 4 5 2 3 0 1
1 0 3 2 5 4 7 6 9 8 11 10 12 14 13 16 15 19 18 17 24 25 20 22 21 23 27 26
18 16 17 21 20 19 23 22 25 24 27 26 0 2 1 7 4 3 6 5 9 8 11 10 13 12 15 14
12 14 13 17 16 19 18 15 20 22 21 24 23 26 25 27 0 2 1 4 3 8 7 6 5 11 10 9
12 14 13 19 16 15 18 17 21 20 23 22 25 24 27 26 8 9 6 7 4 5 2 3 0 1 11 10
26 27 24 25 22 23 20 21 17 18 19 16 1 2 0 5 4 3 7 6 9 8 11 10 13 12 15 14
16 13 14 15 12 19 18 17 21 20 23 22 25 24 27 26 4 5 2 3 0 1 7 6 9 8 11 10
16 18 17 20 19 22 21 25 24 23 27 26 0 1 3 2 5 4 7 6 11 9 10 8 13 12 15 14
15 13 14 12 17 16 19 18 23 21 22 20 25 24 27 26 1 2 0 4 3 6 5 8 7 11 10 9
12 14 13 19 16 15 18 17 21 20 23 22 25 24 27 26 0 1 4 3 2 6 5 9 8 7 11 10
16 18 17 20 19 22 21 24 23 26 25 27 4 1 2 3 0 7 6 5 9 8 11 10 13 12 15 14
0 2 1 5 4 7 6 3 8 10 9 12 11 14 13 15 26 27 24 25 22 23 20 21 17 18 19 16
0 2 1 4 3 8 7 6 5 11 10 9 18 19 16 17 13 14 15 12 20 22 21 24 23 25 27 26
17 16 19 18 22 21 20 24 23 25 27 26 3 1 2 0 5 4 7 6 11 9 10 8 13 12 15 14
22 23 20 21 18 19 16 17 25 24 27 26 2 3 0 1 5 4 7 6 9 8 11 10 13 12 15 14
16 17 19 18 21 20 24 23 22 27 26 25 8 10 9 11 13 12 15 14 6 7 4 5 2 3 0 1
15 13 14 11 12 9 10 8 6 7 0 2 1 4 3 5 17 16 19 18 22 21 20 24 23 25 27 26
16 18 17 20 19 22 21 24 23 25 27 26 15 13 14 11 12 9 10 8 0 2 1 4 3 6 5 7
0 2 1 5 4 3 7 6 9 8 11 10 13 12 15 14 16 17 19 18 21 20 23 22 25 24 27 26
1 0 3 2 5 4 8 7 6 9 11 10 12 14 13 16 15 19 18 17 20 22 21 24 23 25 27 26
16 18 17 19 22 21 20 25 24 23 27 26 0 2 1 7 4 3 6 5 9 8 11 10 13 12 15 14
16 18 17 20 19 22 21 25 24 23 27 26 3 1 2 0 5 4 7 6 8 11 10 9 13 12 15 14
20 21 18 19 16 17 23 22 25 24 27 26 1 2 0 5 4 3 7 6 9 8 11 10 13 12 15 14
0 2 1 7 4 3 6 5 9 8 11 10 13 12 15 14 16 18 17 19 22 21 20 25 24 23 27 26
0 2 1 3 6 5 4 9 8 7 11 10 13 14 12 16 15 19 18 17 21 20 23 22 25 24 27 26
6 7 4 5 2 3 0 1 9 8 11 10 12 14 13 19 16 15 18 17 20 22 21 24 23 27 26 25
8 10 9 12 11 14 13 15 7 5 6 3 4 1 2 0 16 18 17 20 19 21 23 22 25 24 27 26
15 13 14 12 17 16 19 18 20 23 22 21 25 24 27 26 0 2 1 4 3 7 6 5 9 8 11 10
27 25 26 23 24 21 22 20 18 19 12 14 13 16 15 17 10 11 8 9 6 7 4 5 2 3 0 1
17 18 16 20 19 22 21 25 24 23 27 26 0 2 1 4 3 5 7 6 8 10 9 12 11 14 13 15
18 19 16 17 21 20 23 22 25 24 27 26 1 0 3 2 5 4 7 6 8 10 9 13 12 11 15 14
18 19 16 17 21 20 23 22 25 24 27 26 1 0 3 2 5 4 7 6 8 10 9 12 11 13 15 14
10 11 8 9 6 7 4 5 2 3 0 1 14 15 12 13 17 16 19 18 20 25 22 21 24 23 27 26
16 17 20 19 18 22 21 25 24 23 27 26 10 12 11 14 13 15 8 9 6 7 4 5 1 2 3 0
0 2 1 4 3 6 5 7 10 12 11 13 8 9 15 14 17 16 19 18 21 20 24 23 22 25 27 26
16 18 17 20 19 22 21 24 23 27 26 25 7 5 6 3 4 1 2 0 8 10 9 11 13 12 15 14
1 2 0 4 3 7 6 5 9 8 11 10 12 14 13 15 17 16 19 18 22 24 23 25 20 21 27 26
12 14 13 19 16 15 18 17 21 20 23 22 25 24 27 26 10 11 8 9 6 7 3 4 5 1 2 0
1 2 0 5 4 3 7 6 9 8 11 10 13 12 15 14 17 16 19 18 20 21 23 22 25 24 27 26
16 17 19 18 21 20 24 23 22 27 26 25 3 1 2 0 5 4 7 6 9 10 8 12 11 15 14 13
6 7 4 5 2 3 0 1 9 8 11 10 13 12 15 14 17 16 19 18 20 22 21 24 23 25 27 26
13 12 15 14 17 16 19 18 20 21 23 22 25 24 27 26 10 11 7 8 9 5 6 3 4 1 2 0
17 16 20 19 18 22 21 24 23 25 27 26 15 13 14 11 12 9 10 8 6 7 0 2 1 4 3 5
12 13 15 14 17 16 19 18 20 22 21 23 25 24 27 26 1 2 0 4 3 6 5 8 7 11 10 9
0 2 1 4 3 7 6 5 12 13 8 10 9 11 15 14 16 25 18 17 20 19 22 21 24 23 27 26
16 25 18 17 20 19 22 21 24 23 27 26 0 2 1 4 3 5 7 6 10 12 11 14 13 15 8 9
0 2 1 4 3 6 5 7 10 12 11 13 8 9 15 14 17 16 19 18 21 20 23 22 25 24 27 26
18 19 16 17 13 14 15 12 20 22 21 24 23 25 27 26 1 2 0 4 3 6 5 9 8 7 11 10
0 1 3 2 6 5 4 9 8 7 11 10 12 13 15 14 17 16 19 18 20 22 21 23 25 24 27 26
1 0 3 2 5 4 7 6 8 10 9 11 13 12 15 14 16 18 17 20 19 22 21 24 23 27 26 25
18 16 17 20 19 23 22 21 25 24 27 26 1 0 3 2 5 4 7 6 11 9 10 8 13 12 15 14
3 1 2 0 5 4 7 6 9 8 11 10 12 14 13 17 16 19 18 15 20 22 21 24 23 26 25 27
1 2 0 4 3 7 6 5 9 8 11 10 13 12 15 14 17 18 16 21 20 19 23 22 25 24 27 26
0 2 1 4 3 7 6 5 11 10 9 8 12 14 13 19 16 15 18 17 21 20 23 22 25 24 27 26
0 2 1 4 3 6 5 8 7 9 11 10 19 17 18 15 16 13 14 12 20 22 21 23 25 24 27 26
1 2 0 4 3 6 5 8 7 11 10 9 12 14 13 16 15 17 19 18 20 22 21 24 23 26 25 27
15 13 14 12 17 16 19 18 20 23 22 21 25 24 27 26 4 5 2 3 0 1 7 6 9 8 11 10
0 3 2 5 4 7 6 9 8 1 11 10 12 14 13 16 15 18 17 19 25 22 23 24 20 21 27 26
24 25 22 23 20 21 18 19 16 17 27 26 0 1 3 2 5 4 7 6 10 12 11 13 8 9 15 14
1 2 0 4 3 6 5 8 7 11 10 9 13 12 15 14 17 16 19 18 23 21 22 20 25 24 27 26
2 0 1 4 3 6 5 9 8 7 11 10 12 14 13 19 16 15 18 17 20 22 21 24 23 27 26 25
16 18 17 20 19 22 21 24 23 25 27 26 8 10 9 11 13 12 15 14 6 7 4 5 2 3 0 1
27 24 25 26 22 23 20 21 18 19 12 14 13 16 15 17 10 11 8 9 6 7 4 5 2 3 0 1
1 0 3 2 5 4 7 6 8 9 11 10 13 12 15 14 16 25 18 17 20 19 22 21 24 23 27 26
10 11 8 9 6 7 3 4 5 1 2 0 13 12 15 14 17 16 19 18 20 22 21 24 23 26 25 27
0 1 3 2 5 4 8 7 6 11 10 9 12 13 15 14 17 16 19 18 22 24 23 25 20 21 27 26
16 19 18 17 21 20 23 22 25 24 27 26 8 10 9 12 11 14 13 15 6 7 0 2 1 4 3 5
2 4 3 5 0 1 7 6 9 8 11 10 13 12 15 14 16 18 17 20 19 22 21 24 23 27 26 25
19 20 16 18 17 22 21 25 24 23 27 26 4 1 2 3 0 7 6 5 9 8 11 10 13 12 15 14
12 14 13 15 17 16 19 18 24 25 22 23 20 21 27 26 11 8 9 10 6 7 4 5 2 3 0 1
2 4 3 5 0 1 7 6 9 8 11 10 13 12 15 14 21 19 20 17 18 16 23 22 25 24 27 26
0 3 2 1 5 4 7 6 9 8 11 10 12 15 14 13 17 16 19 18 21 20 23 22 25 24 27 26
16 18 17 20 19 23 22 21 25 24 27 26 8 10 9 12 11 14 13 15 7 5 6 3 4 1 2 0
16 18 17 21 20 19 23 22 25 24 27 26 0 2 1 4 3 7 6 5 8 10 9 12 11 13 15 14
17 18 16 21 20 19 23 22 25 24 27 26 5 3 4 1 2 0 7 6 10 12 11 13 8 9 15 14
17 16 19 18 21 20 24 23 22 25 27 26 1 0 3 2 5 4 7 6 8 10 9 13 12 11 15 14
1 0 4 3 2 6 5 7 9 8 11 10 13 12 15 14 17 16 19 18 23 21 22 20 25 24 27 26
27 24 25 26 22 23 20 21 18 19 16 17 14 15 12 13 10 11 8 9 0 2 1 4 3 6 5 7
0 2 1 5 4 7 6 3 8 10 9 12 11 14 13 15 18 16 17 21 20 19 23 22 25 24 27 26
12 14 13 19 16 15 18 17 20 22 21 24 23 27 26 25 0 3 2 1 5 4 7 6 9 8 11 10
0 2 1 7 4 3 6 5 9 8 11 10 13 12 15 14 16 18 17 20 19 22 21 24 23 25 27 26
27 25 26 23 24 21 22 18 19 20 16 17 0 2 1 4 3 5 7 6 10 12 11 14 13 15 8 9
16 18 17 19 21 20 24 23 22 27 26 25 1 0 3 2 5 4 7 6 8 9 11 10 13 12 15 14
0 1 3 2 5 4 7 6 11 9 10 8 13 12 15 14 16 18 17 21 20 19 23 22 25 24 27 26
11 9 10 7 8 4 5 6 2 3 0 1 12 14 13 15 17 16 19 18 22 24 23 25 20 21 27 26
20 22 21 24 23 26 25 27 18 19 12 14 13 16 15 17 0 2 1 4 3 6 5 8 7 11 10 9
10 11 7 8 9 5 6 3 4 1 2 0 18 19 16 17 13 14 15 12 20 22 21 24 23 25 27 26
17 18 16 21 20 19 23 22 25 24 27 26 8 10 9 12 11 14 13 15 7 5 6 3 4 1 2 0
16 18 17 20 19 22 21 24 23 25 27 26 3 1 2 0 5 4 7 6 9 10 8 12 11 15 14 13
20 22 21 24 23 26 25 27 19 17 18 15 16 13 14 12 0 2 1 3 5 4 8 7 6 11 10 9
15 13 14 12 17 16 19 18 23 21 22 20 25 24 27 26 8 9 6 7 4 5 2 3 0 1 11 10
20 22 21 24 23 26 25 27 18 19 12 14 13 16 15 17 1 0 3 2 5 4 8 7 6 9 11 10
0 2 1 7 4 3 6 5 8 10 9 12 11 15 14 13 16 18 17 20 19 24 23 22 21 27 26 25
17 18 16 20 19 23 22 21 25 24 27 26 0 2 1 3 5 4 7 6 11 9 10 8 13 12 15 14
12 14 13 15 17 16 19 18 24 25 22 23 20 21 27 26 1 2 0 4 3 6 5 8 7 11 10 9
10 11 8 9 5 6 7 3 4 1 2 0 13 12 15 14 17 16 19 18 20 22 21 24 23 25 27 26
15 13 14 12 17 16 19 18 21 22 20 24 23 27 26 25 5 3 4 1 2 0 7 6 9 8 11 10
0 2 1 5 4 3 7 6 8 10 9 12 11 13 15 14 18 16 17 20 19 22 21 24 23 27 26 25
26 27 23 24 25 21 22 19 20 17 18 16 15 13 14 11 12 9 10 8 0 2 1 4 3 6 5 7
0 1 3 2 5 4 7 6 8 10 9 11 13 12 15 14 18 16 17 20 19 22 21 25 24 23 27 26
0 3 2 1 5 4 7 6 9 8 11 10 20 22 21 24 23 26 25 27 19 17 18 15 16 13 14 12
18 19 16 17 21 20 23 22 25 24 27 26 0 1 3 2 5 4 7 6 11 9 10 8 13 12 15 14
2 3 0 1 5 4 7 6 9 8 11 10 17 15 16 13 14 12 19 18 22 24 23 25 20 21 27 26
12 14 13 15 17 16 19 18 24 25 22 23 20 21 27 26 1 0 3 2 5 4 8 7 6 9 11 10
0 1 3 2 5 4 8 7 6 11 10 9 12 14 13 16 15 17 19 18 26 27 20 22 21 24 23 25
12 14 13 16 15 19 18 17 20 22 21 24 23 25 27 26 0 9 2 1 4 3 6 5 8 7 11 10
8 15 10 9 12 11 14 13 6 7 4 5 2 3 0 1 26 27 23 24 25 21 22 19 20 17 18 16
12 14 13 17 16 15 19 18 20 22 21 24 23 25 27 26 0 2 1 5 4 3 7 6 9 8 11 10
13 12 15 14 17 16 19 18 20 22 21 24 23 25 27 26 6 7 4 5 2 3 0 1 9 8 11 10
13 12 15 14 17 16 19 18 20 22 21 25 24 23 27 26 0 2 1 4 3 5 7 6 9 8 11 10
1 0 3 2 5 4 8 7 6 9 11 10 17 15 16 13 14 12 19 18 22 24 23 25 20 21 27 26
12 15 14 13 17 16 19 18 21 20 23 22 25 24 27 26 10 11 7 8 9 5 6 3 4 1 2 0
0 2 1 5 4 7 6 3 8 10 9 12 11 14 13 15 16 17 19 18 22 21 20 25 24 23 27 26
13 12 15 14 17 16 19 18 20 22 21 24 23 26 25 27 0 2 1 5 4 3 7 6 9 8 11 10
27 24 25 26 22 23 20 21 18 19 12 14 13 16 15 17 0 2 1 4 3 8 7 6 5 11 10 9
10 11 8 9 6 7 3 4 5 1 2 0 12 14 13 17 16 15 19 18 21 20 23 22 25 24 27 26
0 2 1 4 3 7 6 5 9 8 11 10 27 25 26 23 24 21 22 20 18 19 12 14 13 16 15 17
17 18 16 20 19 22 21 25 24 23 27 26 8 10 9 12 11 14 13 15 6 7 0 2 1 4 3 5
12 14 13 16 15 18 17 19 24 25 20 22 21 23 27 26 0 2 1 3 5 4 7 6 9 8 11 10
13 12 15 14 17 16 19 18 20 22 21 23 25 24 27 26 1 0 3 2 5 4 7 6 9 8 11 10
0 2 1 7 4 3 6 5 9 8 11 10 13 12 15 14 19 20 16 18 17 22 21 25 24 23 27 26
24 25 22 23 20 21 18 19 16 17 27 26 0 2 1 4 3 6 5 7 13 10 11 12 8 9 15 14
17 18 16 20 19 22 21 24 23 27 26 25 0 2 1 4 3 6 5 7 12 13 8 10 9 11 15 14
15 13 14 12 17 16 19 18 20 23 22 21 25 24 27 26 2 4 3 0 1 6 5 9 8 7 11 10
0 1 4 3 2 6 5 9 8 7 11 10 12 14 13 16 15 18 17 19 25 22 23 24 20 21 27 26
0 2 1 4 3 5 7 6 8 10 9 13 12 11 15 14 27 25 26 23 24 21 22 18 19 20 16 17
16 25 18 17 20 19 22 21 24 23 27 26 2 3 0 1 5 4 7 6 8 13 10 9 12 11 15 14
16 18 17 20 19 22 21 24 23 25 27 26 0 2 1 4 3 6 5 7 13 10 11 12 8 9 15 14
27 24 25 26 22 23 20 21 18 19 12 14 13 16 15 17 1 0 3 2 6 5 4 8 7 9 11 10
11 8 9 10 6 7 4 5 2 3 0 1 12 14 13 16 15 17 19 18 20 22 21 25 24 23 27 26
18 16 17 21 20 19 23 22 25 24 27 26 15 13 14 11 12 9 10 8 0 2 1 4 3 6 5 7
17 18 16 20 19 22 21 24 23 27 26 25 0 2 1 4 3 5 7 6 8 10 9 13 12 11 15 14
15 13 14 12 17 16 19 18 21 22 20 24 23 27 26 25 1 0 4 3 2 6 5 8 7 9 11 10
0 2 1 3 5 4 8 7 6 11 10 9 12 14 13 17 16 15 19 18 20 22 21 24 23 25 27 26
10 12 11 14 13 15 8 9 6 7 4 5 1 2 3 0 26 27 24 25 22 23 20 21 18 19 16 17
0 2 1 4 3 5 7 6 14 15 8 10 9 12 11 13 16 19 18 17 21 20 23 22 25 24 27 26
16 18 17 19 21 20 23 22 25 24 27 26 1 0 3 2 5 4 7 6 8 10 9 12 11 14 13 15
1 0 3 2 5 4 7 6 11 9 10 8 13 12 15 14 16 18 17 20 19 22 21 25 24 23 27 26
12 14 13 19 16 15 18 17 21 20 23 22 25 24 27 26 1 0 3 2 5 4 8 7 6 9 11 10
2 3 0 1 5 4 7 6 9 8 11 10 13 12 15 14 24 25 22 23 20 21 18 19 16 17 27 26
16 13 14 15 12 19 18 17 21 20 23 22 25 24 27 26 0 2 1 4 3 5 7 6 9 8 11 10
17 18 16 20 19 22 21 25 24 23 27 26 4 1 2 3 0 7 6 5 9 8 11 10 13 12 15 14
19 17 18 15 16 13 14 12 20 22 21 23 25 24 27 26 1 0 4 3 2 6 5 7 9 8 11 10
0 1 4 3 2 6 5 9 8 7 11 10 12 14 13 17 16 19 18 15 20 22 21 24 23 26 25 27
1 0 3 2 5 4 7 6 8 10 9 12 11 14 13 15 26 27 24 25 22 23 19 20 21 17 18 16
5 3 4 1 2 0 7 6 9 8 11 10 15 13 14 12 17 16 19 18 20 23 22 21 25 24 27 26
0 2 1 3 5 4 7 6 10 12 11 13 8 9 15 14 17 18 16 20 19 22 21 25 24 23 27 26
10 11 8 9 6 7 4 5 1 2 3 0 12 14 13 16 15 17 19 18 20 22 21 25 24 23 27 26
13 12 15 14 17 16 19 18 20 22 21 24 23 25 27 26 1 0 3 2 5 4 8 7 6 9 11 10
1 2 0 4 3 6 5 9 8 7 11 10 12 14 13 19 16 15 18 17 21 20 23 22 25 24 27 26
16 25 18 17 20 19 22 21 24 23 27 26 3 1 2 0 5 4 7 6 11 9 10 8 13 12 15 14
10 11 8 9 5 6 7 3 4 1 2 0 26 27 24 25 22 23 20 21 12 14 13 16 15 18 17 19
12 14 13 19 16 15 18 17 20 22 21 24 23 27 26 25 0 1 3 2 5 4 7 6 9 8 11 10
2 0 1 4 3 6 5 9 8 7 11 10 12 14 13 17 16 15 19 18 20 22 21 24 23 25 27 26
17 16 19 18 21 20 23 22 25 24 27 26 0 2 1 5 4 7 6 3 8 10 9 12 11 14 13 15
27 25 26 22 23 24 20 21 18 19 16 17 0 2 1 3 5 4 7 6 11 9 10 8 13 12 15 14
16 17 19 18 21 20 23 22 25 24 27 26 0 2 1 3 5 4 7 6 10 12 11 13 8 9 15 14
0 2 1 3 6 5 4 9 8 7 11 10 27 24 25 26 22 23 20 21 18 19 12 14 13 16 15 17
4 5 2 3 0 1 7 6 9 8 11 10 12 14 13 16 15 18 17 19 25 22 23 24 20 21 27 26
1 0 3 2 5 4 7 6 8 10 9 12 11 14 13 15 16 18 17 21 20 19 23 22 25 24 27 26
12 14 13 15 17 16 19 18 24 25 22 23 20 21 27 26 10 11 8 9 6 7 4 5 1 2 3 0
26 27 23 24 25 21 22 19 20 17 18 16 0 2 1 5 4 3 7 6 9 8 11 10 13 12 15 14
0 2 1 3 5 4 8 7 6 11 10 9 12 14 13 15 17 16 19 18 24 25 22 23 20 21 27 26
16 17 19 18 22 21 20 25 24 23 27 26 3 1 2 0 5 4 7 6 11 9 10 8 13 12 15 14
16 18 17 20 19 22 21 25 24 23 27 26 0 2 1 4 3 7 6 5 8 10 9 12 11 13 15 14
0 2 1 4 3 6 5 8 7 11 10 9 12 14 13 19 16 15 18 17 20 22 21 24 23 27 26 25
16 17 20 19 18 22 21 25 24 23 27 26 0 2 1 4 3 5 7 6 14 15 8 10 9 12 11 13
17 16 19 18 21 20 23 22 25 24 27 26 0 2 1 4 3 5 7 6 10 12 11 14 13 15 8 9
18 20 19 16 17 22 21 25 24 23 27 26 8 15 10 9 12 11 14 13 6 7 4 5 2 3 0 1
12 14 13 15 17 16 19 18 22 24 23 25 20 21 27 26 0 2 1 5 4 3 7 6 9 8 11 10
10 11 8 9 6 7 4 5 2 3 0 1 12 14 13 16 15 17 19 18 22 24 23 26 25 27 20 21
14 16 15 17 12 13 19 18 21 20 23 22 25 24 27 26 10 11 8 9 6 7 4 5 1 2 3 0
16 18 17 20 19 22 21 24 23 26 25 27 0 2 1 5 4 3 7 6 9 8 11 10 13 12 15 14
0 2 1 5 4 3 7 6 9 8 11 10 12 14 13 15 17 16 19 18 23 21 22 20 25 24 27 26
20 21 18 19 16 17 23 22 25 24 27 26 7 5 6 3 4 1 2 0 8 10 9 11 13 12 15 14
17 16 20 19 18 22 21 24 23 25 27 26 0 2 1 4 3 6 5 7 10 12 11 14 13 15 8 9
0 2 1 4 3 6 5 7 10 12 11 14 13 15 8 9 16 19 18 21 20 23 22 25 24 17 27 26
15 13 14 12 17 16 19 18 23 21 22 20 25 24 27 26 0 2 1 3 5 4 7 6 9 8 11 10
20 22 21 24 23 26 25 27 18 19 12 14 13 16 15 17 11 9 10 7 8 5 6 2 3 4 0 1
8 10 9 12 11 14 13 15 6 7 0 2 1 4 3 5 16 17 20 19 18 22 21 25 24 23 27 26
26 27 24 25 21 22 23 19 20 17 18 16 1 0 3 2 5 4 7 6 8 10 9 13 12 11 15 14
10 11 8 9 6 7 4 5 1 2 3 0 12 14 13 19 16 15 18 17 21 20 23 22 25 24 27 26
0 2 1 4 3 6 5 8 7 10 9 11 15 13 14 12 17 16 19 18 21 22 20 24 23 27 26 25
11 9 10 6 7 8 4 5 2 3 0 1 12 14 13 16 15 18 17 19 24 25 20 22 21 23 27 26
12 14 13 16 15 17 19 18 20 22 21 24 23 26 25 27 1 0 3 2 6 5 4 8 7 9 11 10
13 14 12 16 15 19 18 17 21 20 23 22 25 24 27 26 5 3 4 1 2 0 7 6 9 8 11 10
0 2 1 4 3 6 5 7 10 12 11 13 8 9 15 14 16 18 17 20 19 21 23 22 25 24 27 26
16 18 17 19 21 20 23 22 25 24 27 26 6 7 4 5 1 2 3 0 8 10 9 12 11 13 15 14
12 14 13 15 17 16 19 18 23 21 22 20 25 24 27 26 1 0 4 3 2 6 5 8 7 9 11 10
13 12 15 14 17 16 19 18 20 22 21 24 23 25 27 26 10 11 8 9 6 7 4 5 2 3 0 1
12 13 15 14 17 16 19 18 23 21 22 20 25 24 27 26 0 2 1 3 5 4 7 6 9 8 11 10
0 2 1 5 4 3 7 6 9 8 11 10 13 12 15 14 16 17 19 18 21 20 24 23 22 27 26 25
0 2 1 4 3 6 5 7 10 12 11 13 8 9 15 14 26 27 24 25 21 22 23 19 20 17 18 16
0 2 1 5 4 3 7 6 9 8 11 10 13 12 15 14 16 17 20 19 18 22 21 25 24 23 27 26
21 19 20 17 18 16 23 22 25 24 27 26 3 1 2 0 5 4 7 6 9 10 8 12 11 15 14 13
18 20 19 16 17 22 21 25 24 23 27 26 0 2 1 4 3 6 5 7 10 12 11 14 13 15 8 9
16 17 19 18 21 20 23 22 25 24 27 26 1 2 0 4 3 7 6 5 9 8 11 10 13 12 15 14
11 8 9 10 6 7 4 5 2 3 0 1 12 15 14 13 17 16 19 18 21 20 23 22 25 24 27 26
16 18 17 20 19 22 21 24 23 27 26 25 15 13 14 11 12 9 10 8 6 7 0 2 1 4 3 5
10 12 11 14 13 15 8 9 6 7 4 5 1 2 3 0 17 18 16 20 19 22 21 25 24 23 27 26
1 0 3 2 5 4 7 6 8 10 9 11 13 12 15 14 17 16 19 18 22 21 20 24 23 25 27 26
0 2 1 4 3 7 6 5 8 10 9 12 11 13 15 14 26 27 24 25 22 23 20 21 17 18 19 16
17 16 20 19 18 22 21 24 23 25 27 26 0 2 1 3 5 4 7 6 12 13 10 11 8 9 15 14
20 21 18 19 16 17 23 22 25 24 27 26 2 3 0 1 5 4 7 6 8 13 10 9 12 11 15 14
17 16 20 19 18 22 21 24 23 25 27 26 0 2 1 4 3 5 7 6 8 10 9 12 11 14 13 15
11 9 10 6 7 8 4 5 2 3 0 1 13 12 15 14 17 16 19 18 20 22 21 24 23 26 25 27
17 18 16 20 19 23 22 21 25 24 27 26 2 4 3 5 0 1 7 6 9 8 11 10 13 12 15 14
0 3 2 1 5 4 7 6 9 8 11 10 13 12 15 14 16 18 17 19 22 21 20 25 24 23 27 26
7 5 6 3 4 1 2 0 8 10 9 11 13 12 15 14 17 18 16 20 19 23 22 21 25 24 27 26
22 23 20 21 18 19 16 17 25 24 27 26 0 2 1 4 3 6 5 7 13 10 11 12 8 9 15 14
0 2 1 4 3 6 5 8 7 11 10 9 12 14 13 15 17 16 19 18 23 21 22 20 25 24 27 26
5 3 4 1 2 0 7 6 9 8 11 10 12 14 13 16 15 17 19 18 22 24 23 26 25 27 20 21
13 12 15 14 17 16 19 18 20 22 21 23 25 24 27 26 2 0 1 4 3 6 5 8 7 11 10 9
0 2 1 4 3 5 7 6 8 10 9 12 11 14 13 15 17 16 19 18 22 21 20 24 23 25 27 26
16 18 17 20 19 22 21 25 24 23 27 26 8 10 9 11 13 12 15 14 6 7 4 5 2 3 0 1
0 2 1 5 4 3 7 6 9 8 11 10 27 25 26 23 24 21 22 20 18 19 12 14 13 16 15 17
17 16 19 18 22 21 20 24 23 25 27 26 15 12 13 14 10 11 8 9 6 7 0 2 1 4 3 5
12 14 13 16 15 17 19 18 20 22 21 25 24 23 27 26 6 7 4 5 2 3 0 1 9 8 11 10
27 25 26 22 23 24 20 21 18 19 16 17 4 1 2 3 0 7 6 5 9 8 11 10 13 12 15 14
0 2 1 4 3 6 5 7 12 13 8 10 9 11 15 14 16 17 19 18 21 20 23 22 25 24 27 26
12 14 13 16 15 18 17 19 22 24 23 25 20 21 27 26 2 0 1 4 3 7 6 5 9 8 11 10
16 19 18 17 21 20 23 22 25 24 27 26 0 2 1 4 3 5 7 6 8 10 9 12 11 14 13 15
17 15 16 13 14 12 19 18 22 24 23 25 20 21 27 26 11 9 10 6 7 8 4 5 2 3 0 1
16 13 14 15 12 19 18 17 21 20 23 22 25 24 27 26 1 2 0 4 3 6 5 9 8 7 11 10
0 2 1 4 3 5 7 6 9 8 11 10 12 13 15 14 17 16 19 18 22 24 23 25 20 21 27 26
0 2 1 4 3 6 5 7 13 10 11 12 8 9 15 14 17 18 16 20 19 22 21 25 24 23 27 26
1 2 0 4 3 7 6 5 9 8 11 10 13 12 15 14 18 20 19 16 17 22 21 25 24 23 27 26
0 2 1 4 3 5 7 6 8 10 9 12 11 14 13 15 27 25 26 23 24 20 21 22 18 19 16 17
17 18 16 20 19 22 21 24 23 27 26 25 10 12 11 14 13 15 8 9 6 7 4 5 1 2 3 0
0 1 3 2 5 4 7 6 8 10 9 11 13 12 15 14 27 24 25 26 22 23 20 21 18 19 16 17
5 3 4 1 2 0 7 6 10 12 11 13 8 9 15 14 16 18 17 20 19 22 21 24 23 26 25 27
16 18 17 20 19 22 21 24 23 26 25 27 7 5 6 3 4 1 2 0 8 10 9 11 13 12 15 14
18 20 19 16 17 22 21 25 24 23 27 26 0 1 3 2 5 4 7 6 8 10 9 11 13 12 15 14
17 16 19 18 22 21 20 24 23 25 27 26 1 0 3 2 5 4 7 6 8 9 11 10 13 12 15 14
13 12 15 14 17 16 19 18 20 22 21 25 24 23 27 26 11 8 9 10 6 7 4 5 2 3 0 1
27 25 26 23 24 20 21 22 18 19 16 17 0 2 1 7 4 3 6 5 9 8 11 10 13 12 15 14
18 16 17 20 19 23 22 21 25 24 27 26 0 2 1 5 4 3 7 6 9 8 11 10 13 12 15 14
27 25 26 23 24 21 22 20 12 14 13 16 15 18 17 19 0 2 1 4 3 7 6 5 9 8 11 10
10 11 8 9 6 7 4 5 1 2 3 0 12 14 13 15 17 16 19 18 22 24 23 25 20 21 27 26
16 18 17 20 19 24 23 22 21 27 26 25 8 10 9 11 13 12 15 14 6 7 4 5 2 3 0 1
15 13 14 11 12 9 10 8 0 2 1 4 3 6 5 7 16 18 17 20 19 23 22 21 25 24 27 26
1 0 3 2 5 4 7 6 8 10 9 13 12 11 15 14 16 17 19 18 22 21 20 25 24 23 27 26
0 2 1 4 3 5 7 6 8 10 9 12 11 14 13 15 18 16 17 20 19 22 21 24 23 27 26 25
8 10 9 12 11 14 13 15 6 7 0 2 1 4 3 5 19 20 16 18 17 22 21 25 24 23 27 26
0 2 1 7 4 3 6 5 8 10 9 12 11 15 14 13 16 18 17 19 21 20 24 23 22 27 26 25
10 11 8 9 6 7 4 5 2 3 0 1 17 15 16 13 14 12 19 18 22 24 23 25 20 21 27 26
26 27 24 25 22 23 19 20 21 17 18 16 0 3 2 1 5 4 7 6 9 8 11 10 13 12 15 14
15 13 14 12 17 16 19 18 21 22 20 24 23 27 26 25 11 9 10 6 7 8 4 5 2 3 0 1
1 0 4 3 2 6 5 7 9 8 11 10 16 13 14 15 12 19 18 17 21 20 23 22 25 24 27 26
8 10 9 12 11 14 13 15 7 5 6 3 4 1 2 0 16 17 19 18 22 21 20 25 24 23 27 26
5 3 4 1 2 0 7 6 9 8 11 10 12 14 13 19 16 15 18 17 21 20 23 22 25 24 27 26
12 14 13 16 15 17 19 18 20 22 21 24 23 26 25 27 10 11 7 8 9 5 6 3 4 1 2 0
12 14 13 19 16 15 18 17 20 22 21 24 23 27 26 25 10 11 8 9 5 6 7 3 4 1 2 0
26 27 24 25 21 22 23 19 20 17 18 16 4 1 2 3 0 7 6 5 9 8 11 10 13 12 15 14
12 14 13 15 17 16 19 18 23 21 22 20 25 24 27 26 0 1 4 3 2 6 5 9 8 7 11 10
16 17 20 19 18 22 21 25 24 23 27 26 0 1 3 2 5 4 7 6 11 9 10 8 13 12 15 14
17 16 19 18 21 20 23 22 25 24 27 26 0 2 1 4 3 7 6 5 8 10 9 12 11 13 15 14
13 12 15 14 17 16 19 18 20 22 21 24 23 26 25 27 1 0 3 2 6 5 4 8 7 9 11 10
26 27 24 25 21 22 23 19 20 17 18 16 8 10 9 12 11 14 13 15 6 7 0 2 1 4 3 5
0 2 1 3 5 4 7 6 12 13 10 11 8 9 15 14 16 19 18 17 21 20 23 22 25 24 27 26
15 13 14 11 12 9 10 8 6 7 0 2 1 4 3 5 17 16 19 18 21 20 23 22 25 24 27 26
10 11 7 8 9 5 6 3 4 1 2 0 27 25 26 23 24 21 22 20 12 14 13 16 15 18 17 19
22 23 20 21 18 19 16 17 25 24 27 26 15 12 13 14 10 11 8 9 6 7 0 2 1 4 3 5
24 25 22 23 20 21 18 19 16 17 27 26 0 2 1 4 3 6 5 7 10 12 11 14 13 15 8 9
0 2 1 4 3 7 6 5 12 13 8 10 9 11 15 14 18 16 17 20 19 22 21 25 24 23 27 26
2 0 1 4 3 6 5 9 8 7 11 10 15 13 14 12 17 16 19 18 21 22 20 24 23 27 26 25
16 18 17 19 21 20 23 22 25 24 27 26 3 1 2 0 5 4 7 6 11 9 10 8 13 12 15 14
12 14 13 16 15 19 18 17 20 22 21 24 23 25 27 26 2 0 1 4 3 7 6 5 9 8 11 10
12 14 13 15 17 16 19 18 22 24 23 25 20 21 27 26 0 3 2 1 5 4 7 6 9 8 11 10
0 2 1 3 5 4 7 6 9 8 11 10 13 12 15 14 17 16 19 18 20 22 21 24 23 26 25 27
20 27 22 21 24 23 26 25 18 19 16 17 14 15 12 13 2 0 1 5 4 3 7 6 9 8 11 10
26 27 24 25 22 23 20 21 12 14 13 16 15 18 17 19 0 2 1 4 3 6 5 8 7 10 9 11
0 2 1 4 3 7 6 5 9 8 11 10 12 14 13 16 15 18 17 19 25 22 23 24 20 21 27 26
27 24 25 26 22 23 20 21 18 19 12 14 13 16 15 17 0 2 1 4 3 7 6 5 10 9 8 11
13 12 15 14 17 16 19 18 23 21 22 20 25 24 27 26 5 3 4 1 2 0 7 6 9 8 11 10
13 14 12 16 15 19 18 17 21 20 23 22 25 24 27 26 0 3 2 5 4 7 6 9 8 1 11 10
12 14 13 15 17 16 19 18 24 25 22 23 20 21 27 26 1 2 0 4 3 7 6 5 9 8 11 10
0 2 1 4 3 7 6 5 10 9 8 11 14 15 12 13 17 16 19 18 21 20 23 22 25 24 27 26
16 18 17 20 19 22 21 24 23 26 25 27 0 2 1 4 3 6 5 7 13 10 11 12 8 9 15 14
14 15 12 13 17 16 19 18 21 20 23 22 25 24 27 26 1 0 3 2 6 5 4 8 7 9 11 10
12 14 13 19 16 15 18 17 20 22 21 24 23 27 26 25 11 9 10 7 8 4 5 6 2 3 0 1
0 2 1 7 4 3 6 5 8 10 9 12 11 15 14 13 16 17 20 19 18 22 21 25 24 23 27 26
11 9 10 7 8 4 5 6 2 3 0 1 20 22 21 23 25 24 27 26 18 19 16 17 14 15 12 13
3 1 2 0 5 4 7 6 8 11 10 9 13 12 15 14 17 18 16 20 19 22 21 24 23 27 26 25
6 7 4 5 1 2 3 0 8 10 9 12 11 13 15 14 22 23 20 21 18 19 16 17 25 24 27 26
26 27 24 25 22 23 20 21 17 18 19 16 1 0 3 2 5 4 7 6 8 10 9 13 12 11 15 14
0 2 1 4 3 6 5 7 12 13 8 10 9 11 15 14 21 19 20 17 18 16 23 22 25 24 27 26
26 27 24 25 22 23 19 20 21 17 18 16 1 0 3 2 5 4 7 6 11 9 10 8 13 12 15 14
15 13 14 11 12 9 10 8 6 7 0 2 1 4 3 5 16 17 19 18 21 20 23 22 25 24 27 26
27 25 26 23 24 20 21 22 18 19 16 17 15 12 13 14 10 11 8 9 6 7 0 2 1 4 3 5
16 18 17 20 19 22 21 24 23 25 27 26 15 12 13 14 10 11 8 9 6 7 0 2 1 4 3 5
13 12 15 14 17 16 19 18 23 21 22 20 25 24 27 26 0 2 1 4 3 6 5 8 7 11 10 9
1 0 3 2 5 4 7 6 9 8 11 10 13 12 15 14 17 16 19 18 20 22 21 24 23 25 27 26
26 27 24 25 21 22 23 19 20 17 18 16 0 2 1 7 4 3 6 5 8 10 9 12 11 15 14 13
14 15 12 13 10 11 8 9 0 2 1 4 3 6 5 7 16 17 20 19 18 22 21 25 24 23 27 26
2 4 3 0 1 6 5 9 8 7 11 10 27 25 26 23 24 21 22 20 18 19 12 14 13 16 15 17
20 22 21 24 23 26 25 27 19 17 18 15 16 13 14 12 0 2 1 4 3 5 7 6 9 8 11 10
24 25 22 23 20 21 18 19 16 17 27 26 2 4 3 5 0 1 7 6 9 8 11 10 13 12 15 14
16 17 19 18 22 21 20 25 24 23 27 26 2 3 0 1 5 4 7 6 8 13 10 9 12 11 15 14
1 0 3 2 5 4 7 6 9 8 11 10 12 14 13 16 15 17 19 18 20 22 21 25 24 23 27 26
15 13 14 12 17 16 19 18 20 23 22 21 25 24 27 26 10 11 7 8 9 5 6 3 4 1 2 0
27 25 26 23 24 21 22 20 12 14 13 16 15 18 17 19 1 2 0 5 4 3 7 6 9 8 11 10
15 13 14 11 12 9 10 8 0 2 1 4 3 6 5 7 16 19 18 17 21 20 23 22 25 24 27 26
2 4 3 5 0 1 7 6 9 8 11 10 13 12 15 14 16 18 17 20 19 24 23 22 21 27 26 25
0 2 1 3 6 5 4 9 8 7 11 10 13 12 15 14 17 16 19 18 20 22 21 24 23 25 27 26
12 14 13 16 15 19 18 17 20 22 21 24 23 25 27 26 1 2 0 4 3 6 5 8 7 11 10 9
12 14 13 16 15 19 18 17 24 25 20 22 21 23 27 26 11 8 9 10 6 7 4 5 2 3 0 1
20 21 18 19 16 17 23 22 25 24 27 26 8 10 9 11 13 12 15 14 6 7 4 5 2 3 0 1
0 2 1 3 5 4 7 6 10 12 11 13 8 9 15 14 16 17 19 18 21 20 23 22 25 24 27 26
15 13 14 11 12 9 10 8 0 2 1 4 3 6 5 7 16 18 17 20 19 21 23 22 25 24 27 26
0 2 1 4 3 7 6 5 12 13 8 10 9 11 15 14 26 27 24 25 22 23 20 21 18 19 16 17
27 25 26 23 24 21 22 20 12 14 13 16 15 18 17 19 0 2 1 4 3 8 7 6 5 11 10 9
5 3 4 1 2 0 7 6 10 12 11 13 8 9 15 14 16 18 17 20 19 23 22 21 26 25 24 27
12 14 13 16 15 17 19 18 20 22 21 24 23 26 25 27 0 2 1 3 5 4 8 7 6 11 10 9
6 7 4 5 1 2 3 0 8 10 9 12 11 13 15 14 17 16 19 18 22 21 20 24 23 25 27 26
0 2 1 3 5 4 8 7 6 11 10 9 13 14 12 17 16 15 19 18 21 20 23 22 25 24 27 26
12 14 13 16 15 18 17 19 22 24 23 26 25 27 20 21 0 2 1 5 4 3 7 6 9 8 11 10
10 12 11 14 13 15 8 9 6 7 4 5 1 2 3 0 16 17 19 18 21 20 24 23 22 27 26 25
0 3 2 5 4 7 6 9 8 1 11 10 12 15 14 13 17 16 19 18 21 20 23 22 25 24 27 26
13 12 15 14 17 16 19 18 20 22 21 24 23 25 27 26 0 1 3 2 6 5 4 9 8 7 11 10
16 17 20 19 18 22 21 25 24 23 27 26 14 15 12 13 10 11 8 9 0 2 1 4 3 6 5 7
16 18 17 21 20 19 23 22 25 24 27 26 7 5 6 3 4 1 2 0 8 10 9 11 13 12 15 14
16 18 17 20 19 22 21 24 23 27 26 25 1 2 0 5 4 3 7 6 9 8 11 10 13 12 15 14
1 2 0 4 3 6 5 8 7 11 10 9 12 14 13 17 16 15 19 18 21 20 23 22 25 24 27 26
0 2 1 3 5 4 7 6 12 13 10 11 8 9 15 14 16 18 17 20 19 24 23 22 21 27 26 25
12 15 14 13 17 16 19 18 21 20 23 22 25 24 27 26 2 4 3 0 1 6 5 9 8 7 11 10
10 12 11 14 13 15 8 9 6 7 4 5 1 2 3 0 17 18 16 20 19 23 22 21 25 24 27 26
22 23 20 21 18 19 16 17 25 24 27 26 15 13 14 11 12 9 10 8 0 2 1 4 3 6 5 7
8 10 9 11 13 12 15 14 6 7 4 5 2 3 0 1 18 16 17 20 19 22 21 25 24 23 27 26
2 0 1 4 3 7 6 5 9 8 11 10 20 22 21 24 23 26 25 27 19 17 18 15 16 13 14 12
12 14 13 16 15 17 19 18 20 22 21 24 23 26 25 27 0 1 3 2 5 4 7 6 9 8 11 10
12 14 13 16 15 18 17 19 25 22 23 24 20 21 27 26 10 11 8 9 6 7 4 5 1 2 3 0
2 4 3 0 1 6 5 9 8 7 11 10 12 13 15 14 17 16 19 18 20 22 21 23 25 24 27 26
12 14 13 16 15 18 17 19 24 25 20 22 21 23 27 26 0 1 3 2 5 4 8 7 6 11 10 9
6 7 4 5 1 2 3 0 8 10 9 12 11 13 15 14 16 18 17 20 19 23 22 21 27 26 25 24
5 3 4 1 2 0 7 6 10 12 11 13 8 9 15 14 16 18 17 20 19 22 21 24 23 25 27 26
8 9 6 7 4 5 2 3 0 1 11 10 13 12 15 14 17 16 19 18 20 22 21 24 23 25 27 26
17 16 19 18 22 21 20 24 23 25 27 26 15 13 14 11 12 9 10 8 6 7 0 2 1 4 3 5
0 2 1 4 3 5 7 6 10 12 11 14 13 15 8 9 16 18 17 20 19 23 22 21 26 25 24 27
1 2 0 4 3 7 6 5 9 8 11 10 13 12 15 14 17 16 19 18 20 22 21 24 23 26 25 27
0 2 1 4 3 5 7 6 10 12 11 14 13 15 8 9 16 17 20 19 18 22 21 25 24 23 27 26
0 2 1 3 5 4 8 7 6 11 10 9 13 12 15 14 17 16 19 18 20 22 21 24 23 26 25 27
0 3 2 1 5 4 7 6 9 8 11 10 12 14 13 16 15 17 19 18 26 27 20 22 21 24 23 25
11 9 10 7 8 4 5 6 2 3 0 1 12 14 13 16 15 19 18 17 20 22 21 24 23 25 27 26
5 3 4 1 2 0 7 6 10 12 11 13 8 9 15 14 16 18 17 20 19 22 21 25 24 23 27 26
1 2 0 4 3 7 6 5 9 8 11 10 13 12 15 14 16 17 19 18 21 20 23 22 25 24 27 26
16 18 17 19 21 20 24 23 22 27 26 25 8 10 9 12 11 14 13 15 6 7 0 2 1 4 3 5
16 19 18 21 20 23 22 25 24 17 27 26 1 0 3 2 5 4 7 6 8 10 9 12 11 13 15 14
18 19 16 17 13 14 15 12 20 22 21 24 23 25 27 26 11 8 9 10 6 7 4 5 2 3 0 1
3 1 2 0 5 4 7 6 9 8 11 10 13 12 15 14 17 16 19 18 23 21 22 20 25 24 27 26
1 0 3 2 6 5 4 8 7 9 11 10 12 14 13 16 15 18 17 19 22 24 23 25 20 21 27 26
0 2 1 3 5 4 7 6 12 13 10 11 8 9 15 14 27 24 25 26 22 23 20 21 18 19 16 17
13 14 12 17 16 15 19 18 21 20 23 22 25 24 27 26 0 3 2 1 5 4 7 6 9 8 11 10
3 1 2 0 5 4 7 6 9 8 11 10 26 27 24 25 22 23 20 21 12 14 13 16 15 18 17 19
22 24 23 26 25 27 20 21 18 19 16 17 13 14 15 12 1 0 4 3 2 6 5 8 7 9 11 10
15 13 14 12 17 16 19 18 20 23 22 21 25 24 27 26 10 11 8 9 6 7 4 5 1 2 3 0
10 11 8 9 6 7 4 5 2 3 0 1 13 12 15 14 17 16 19 18 20 21 23 22 25 24 27 26
16 19 18 17 21 20 23 22 25 24 27 26 15 13 14 11 12 9 10 8 0 2 1 4 3 6 5 7
24 25 22 23 20 21 18 19 16 17 27 26 0 1 3 2 5 4 7 6 11 9 10 8 13 12 15 14
24 25 22 23 20 21 18 19 16 17 27 26 0 2 1 4 3 6 5 7 10 12 11 13 8 9 15 14
8 9 6 7 4 5 2 3 0 1 11 10 26 27 24 25 22 23 20 21 12 14 13 16 15 18 17 19
7 5 6 3 4 1 2 0 8 10 9 11 13 12 15 14 18 19 16 17 21 20 23 22 25 24 27 26
17 16 20 19 18 22 21 24 23 25 27 26 15 12 13 14 10 11 8 9 6 7 0 2 1 4 3 5
0 2 1 4 3 7 6 5 9 8 11 10 15 13 14 12 17 16 19 18 23 21 22 20 25 24 27 26
2 0 1 4 3 7 6 5 9 8 11 10 12 14 13 19 16 15 18 17 20 22 21 24 23 27 26 25
1 2 0 4 3 7 6 5 9 8 11 10 13 12 15 14 18 16 17 20 19 22 21 24 23 27 26 25
1 2 0 4 3 7 6 5 9 8 11 10 12 14 13 16 15 18 17 19 24 25 20 22 21 23 27 26
19 17 18 16 21 20 23 22 25 24 27 26 15 12 13 14 10 11 8 9 6 7 0 2 1 4 3 5
6 7 4 5 2 3 0 1 9 8 11 10 12 14 13 15 17 16 19 18 23 21 22 20 25 24 27 26
16 13 14 15 12 19 18 17 21 20 23 22 25 24 27 26 10 11 8 9 6 7 4 5 2 3 0 1
14 15 12 13 17 16 19 18 20 25 22 21 24 23 27 26 0 2 1 4 3 7 6 5 11 10 9 8
13 12 15 14 17 16 19 18 20 22 21 24 23 25 27 26 0 2 1 4 3 7 6 5 11 10 9 8
15 13 14 12 17 16 19 18 21 22 20 24 23 27 26 25 10 11 8 9 6 7 4 5 2 3 0 1
12 14 13 16 15 18 17 19 22 24 23 26 25 27 20 21 11 9 10 7 8 5 6 2 3 4 0 1
0 2 1 4 3 5 7 6 8 10 9 12 11 14 13 15 27 25 26 23 24 21 22 18 19 20 16 17
6 7 4 5 2 3 0 1 9 8 11 10 15 13 14 12 17 16 19 18 23 21 22 20 25 24 27 26
16 18 17 19 21 20 23 22 25 24 27 26 15 13 14 11 12 9 10 8 0 2 1 4 3 6 5 7
16 18 17 20 19 22 21 24 23 27 26 25 0 2 1 4 3 6 5 7 12 13 8 10 9 11 15 14
0 2 1 4 3 6 5 8 7 11 10 9 20 22 21 23 25 24 27 26 18 19 16 17 14 15 12 13
0 2 1 4 3 7 6 5 12 13 8 10 9 11 15 14 17 16 19 18 21 20 23 22 25 24 27 26
20 27 22 21 24 23 26 25 18 19 16 17 14 15 12 13 3 1 2 0 5 4 7 6 9 8 11 10
19 20 16 18 17 22 21 25 24 23 27 26 8 10 9 12 11 14 13 15 7 5 6 3 4 1 2 0
12 14 13 16 15 17 19 18 22 24 23 26 25 27 20 21 0 9 2 1 4 3 6 5 8 7 11 10
20 21 18 19 16 17 23 22 25 24 27 26 0 1 3 2 5 4 7 6 8 10 9 11 13 12 15 14
13 12 15 14 17 16 19 18 20 22 21 24 23 25 27 26 2 0 1 5 4 3 7 6 9 8 11 10
2 3 0 1 5 4 7 6 8 13 10 9 12 11 15 14 16 18 17 19 21 20 24 23 22 27 26 25
1 0 3 2 5 4 8 7 6 9 11 10 20 22 21 24 23 26 25 27 18 19 12 14 13 16 15 17
0 2 1 4 3 5 7 6 8 10 9 13 12 11 15 14 16 18 17 20 19 21 23 22 25 24 27 26
11 9 10 7 8 4 5 6 2 3 0 1 12 14 13 15 17 16 19 18 23 21 22 20 25 24 27 26
0 1 4 3 2 6 5 9 8 7 11 10 12 14 13 17 16 15 19 18 20 22 21 24 23 25 27 26
16 18 17 19 22 21 20 25 24 23 27 26 0 2 1 3 5 4 7 6 12 13 10 11 8 9 15 14
0 3 2 1 5 4 7 6 9 8 11 10 13 12 15 14 17 16 19 18 21 20 24 23 22 25 27 26
0 1 3 2 5 4 7 6 11 9 10 8 13 12 15 14 16 18 17 20 19 23 22 21 27 26 25 24
12 14 13 16 15 17 19 18 26 27 20 22 21 24 23 25 10 11 8 9 6 7 3 4 5 1 2 0
0 3 2 1 5 4 7 6 9 8 11 10 13 12 15 14 17 18 16 20 19 23 22 21 25 24 27 26
0 2 1 7 4 3 6 5 9 8 11 10 13 12 15 14 16 18 17 20 19 22 21 24 23 27 26 25
16 17 19 18 21 20 24 23 22 27 26 25 0 3 2 1 5 4 7 6 9 8 11 10 13 12 15 14
12 14 13 17 16 19 18 15 20 22 21 24 23 26 25 27 10 11 8 9 6 7 4 5 1 2 3 0
18 20 19 16 17 22 21 25 24 23 27 26 0 2 1 3 5 4 7 6 10 12 11 13 8 9 15 14
1 0 3 2 5 4 7 6 8 10 9 12 11 14 13 15 27 25 26 23 24 21 22 18 19 20 16 17
2 0 1 4 3 7 6 5 9 8 11 10 12 14 13 17 16 19 18 15 20 22 21 24 23 26 25 27
14 15 12 13 10 11 8 9 0 2 1 4 3 6 5 7 16 18 17 20 19 22 21 25 24 23 27 26
12 14 13 16 15 18 17 19 22 24 23 25 20 21 27 26 10 11 8 9 6 7 4 5 1 2 3 0
17 16 20 19 18 22 21 24 23 25 27 26 14 15 12 13 10 11 8 9 0 2 1 4 3 6 5 7
22 23 20 21 18 19 16 17 25 24 27 26 2 4 3 5 0 1 7 6 9 8 11 10 13 12 15 14
0 2 1 4 3 6 5 7 13 10 11 12 8 9 15 14 26 27 24 25 22 23 20 21 18 19 16 17
1 0 4 3 2 6 5 8 7 9 11 10 20 27 22 21 24 23 26 25 18 19 16 17 14 15 12 13
20 22 21 24 23 26 25 27 18 19 12 14 13 16 15 17 0 1 3 2 6 5 4 9 8 7 11 10
15 13 14 11 12 9 10 8 0 2 1 4 3 6 5 7 19 17 18 16 21 20 23 22 25 24 27 26
18 16 17 20 19 22 21 24 23 27 26 25 0 2 1 4 3 7 6 5 12 13 8 10 9 11 15 14
12 14 13 16 15 17 19 18 20 22 21 24 23 26 25 27 2 0 1 4 3 7 6 5 9 8 11 10
12 13 15 14 17 16 19 18 20 22 21 23 25 24 27 26 0 2 1 4 3 7 6 5 10 9 8 11
11 9 10 7 8 5 6 2 3 4 0 1 20 22 21 23 25 24 27 26 18 19 16 17 14 15 12 13
18 19 16 17 13 14 15 12 20 22 21 24 23 25 27 26 11 9 10 7 8 5 6 2 3 4 0 1
12 14 13 16 15 18 17 19 22 24 23 25 20 21 27 26 0 2 1 5 4 3 7 6 9 8 11 10
4 5 2 3 0 1 7 6 9 8 11 10 12 14 13 16 15 18 17 19 22 24 23 26 25 27 20 21
3 1 2 0 5 4 7 6 8 11 10 9 13 12 15 14 17 18 16 21 20 19 23 22 25 24 27 26
2 3 0 1 5 4 7 6 9 8 11 10 13 12 15 14 16 18 17 20 19 22 21 24 23 27 26 25
13 12 15 14 17 16 19 18 20 22 21 24 23 26 25 27 11 9 10 7 8 4 5 6 2 3 0 1
2 3 0 1 5 4 7 6 8 13 10 9 12 11 15 14 18 19 16 17 21 20 23 22 25 24 27 26
14 15 12 13 10 11 8 9 0 2 1 4 3 6 5 7 16 18 17 20 19 23 22 21 26 25 24 27
2 3 0 1 5 4 7 6 9 8 11 10 20 22 21 23 25 24 27 26 18 19 16 17 14 15 12 13
19 17 18 16 21 20 23 22 25 24 27 26 2 3 0 1 5 4 7 6 8 13 10 9 12 11 15 14
27 25 26 23 24 21 22 20 12 14 13 16 15 18 17 19 0 2 1 3 5 4 8 7 6 11 10 9
2 0 1 5 4 3 7 6 9 8 11 10 15 13 14 12 17 16 19 18 23 21 22 20 25 24 27 26
1 2 0 4 3 7 6 5 9 8 11 10 13 12 15 14 18 16 17 20 19 22 21 25 24 23 27 26
0 2 1 4 3 5 7 6 14 15 8 10 9 12 11 13 16 19 18 21 20 23 22 25 24 17 27 26
16 25 18 17 20 19 22 21 24 23 27 26 14 15 12 13 10 11 8 9 0 2 1 4 3 6 5 7
16 17 19 18 21 20 24 23 22 27 26 25 0 2 1 4 3 6 5 7 12 13 8 10 9 11 15 14
4 5 2 3 0 1 7 6 9 8 11 10 12 14 13 16 15 18 17 19 22 24 23 25 20 21 27 26
1 0 3 2 5 4 7 6 8 10 9 12 11 14 13 15 16 17 19 18 21 20 23 22 25 24 27 26
14 16 15 17 12 13 19 18 21 20 23 22 25 24 27 26 1 2 0 4 3 6 5 9 8 7 11 10
20 22 21 23 25 24 27 26 18 19 16 17 14 15 12 13 11 9 10 6 7 8 4 5 2 3 0 1
18 16 17 21 20 19 23 22 25 24 27 26 0 2 1 4 3 5 7 6 14 15 8 10 9 12 11 13
12 13 15 14 17 16 19 18 20 22 21 23 25 24 27 26 0 2 1 4 3 6 5 8 7 11 10 9
16 18 17 20 19 24 23 22 21 27 26 25 1 0 3 2 5 4 7 6 8 9 11 10 13 12 15 14
0 3 2 1 5 4 7 6 9 8 11 10 13 12 15 14 17 18 16 21 20 19 23 22 25 24 27 26
26 27 24 25 22 23 20 21 12 14 13 16 15 18 17 19 0 9 2 1 4 3 6 5 8 7 11 10
0 2 1 4 3 7 6 5 9 8 11 10 12 14 13 16 15 18 17 19 24 25 20 22 21 23 27 26
14 16 15 17 12 13 19 18 21 20 23 22 25 24 27 26 10 11 8 9 6 7 4 5 2 3 0 1
10 11 8 9 6 7 4 5 2 3 0 1 15 13 14 12 17 16 19 18 21 22 20 24 23 27 26 25
19 17 18 15 16 13 14 12 20 22 21 23 25 24 27 26 0 2 1 4 3 6 5 8 7 10 9 11
20 21 18 19 16 17 23 22 25 24 27 26 8 10 9 12 11 14 13 15 7 5 6 3 4 1 2 0
0 2 1 4 3 5 7 6 10 12 11 14 13 15 8 9 17 18 16 20 19 22 21 24 23 27 26 25
17 18 16 21 20 19 23 22 25 24 27 26 0 2 1 4 3 7 6 5 8 10 9 12 11 13 15 14
12 14 13 17 16 19 18 15 20 22 21 24 23 26 25 27 0 3 2 5 4 7 6 9 8 1 11 10
0 2 1 4 3 5 7 6 8 10 9 13 12 11 15 14 22 23 20 21 18 19 16 17 25 24 27 26
17 18 16 20 19 23 22 21 25 24 27 26 0 2 1 4 3 5 7 6 14 15 8 10 9 12 11 13
0 1 3 2 6 5 4 9 8 7 11 10 12 14 13 17 16 15 19 18 20 22 21 24 23 25 27 26
2 4 3 5 0 1 7 6 9 8 11 10 13 12 15 14 16 18 17 20 19 22 21 25 24 23 27 26
16 18 17 19 21 20 24 23 22 27 26 25 15 12 13 14 10 11 8 9 6 7 0 2 1 4 3 5
14 15 12 13 17 16 19 18 21 20 23 22 25 24 27 26 0 2 1 4 3 7 6 5 9 8 11 10
19 17 18 16 21 20 23 22 25 24 27 26 0 2 1 4 3 5 7 6 8 10 9 12 11 14 13 15
3 1 2 0 5 4 7 6 11 9 10 8 13 12 15 14 17 16 19 18 21 20 24 23 22 25 27 26
27 25 26 22 23 24 20 21 18 19 16 17 0 1 3 2 5 4 7 6 8 10 9 11 13 12 15 14
0 2 1 7 4 3 6 5 8 10 9 12 11 15 14 13 17 16 20 19 18 22 21 24 23 25 27 26
0 1 3 2 5 4 7 6 10 12 11 13 8 9 15 14 17 16 20 19 18 22 21 24 23 25 27 26
24 25 22 23 20 21 18 19 16 17 27 26 3 1 2 0 5 4 7 6 9 10 8 12 11 15 14 13
17 15 16 13 14 12 19 18 22 24 23 25 20 21 27 26 0 9 2 1 4 3 6 5 8 7 11 10
12 14 13 19 16 15 18 17 21 20 23 22 25 24 27 26 3 1 2 0 5 4 7 6 9 8 11 10
16 18 17 19 22 21 20 25 24 23 27 26 1 0 3 2 5 4 7 6 8 10 9 13 12 11 15 14
2 0 1 4 3 6 5 9 8 7 11 10 12 14 13 16 15 17 19 18 20 22 21 25 24 23 27 26
0 1 4 3 2 6 5 9 8 7 11 10 14 16 15 17 12 13 19 18 21 20 23 22 25 24 27 26
10 11 8 9 6 7 4 5 1 2 3 0 12 14 13 15 17 16 19 18 24 25 22 23 20 21 27 26
14 15 12 13 10 11 8 9 0 2 1 4 3 6 5 7 26 27 24 25 22 23 20 21 17 18 19 16
12 14 13 16 15 19 18 17 24 25 20 22 21 23 27 26 8 9 6 7 4 5 2 3 0 1 11 10
16 18 17 20 19 22 21 25 24 23 27 26 10 12 11 14 13 15 8 9 6 7 4 5 1 2 3 0
16 18 17 20 19 23 22 21 26 25 24 27 0 2 1 4 3 5 7 6 8 10 9 12 11 14 13 15
0 2 1 4 3 5 7 6 14 15 8 10 9 12 11 13 16 18 17 20 19 22 21 24 23 25 27 26
0 3 2 1 5 4 7 6 9 8 11 10 13 12 15 14 17 16 20 19 18 22 21 24 23 25 27 26
12 14 13 16 15 18 17 19 22 24 23 25 20 21 27 26 0 2 1 3 5 4 8 7 6 11 10 9
14 15 12 13 10 11 8 9 0 2 1 4 3 6 5 7 17 18 16 20 19 23 22 21 25 24 27 26
0 2 1 5 4 3 7 6 9 8 11 10 13 12 15 14 18 19 16 17 21 20 23 22 25 24 27 26
14 15 12 13 10 11 8 9 0 2 1 4 3 6 5 7 17 18 16 20 19 22 21 24 23 27 26 25
12 14 13 16 15 18 17 19 22 24 23 25 20 21 27 26 2 0 1 4 3 6 5 9 8 7 11 10
0 2 1 4 3 6 5 7 10 12 11 13 8 9 15 14 16 18 17 20 19 22 21 25 24 23 27 26
20 21 18 19 16 17 23 22 25 24 27 26 3 1 2 0 5 4 7 6 8 11 10 9 13 12 15 14
0 1 3 2 5 4 7 6 11 9 10 8 13 12 15 14 16 18 17 20 19 22 21 24 23 26 25 27
10 12 11 14 13 15 8 9 6 7 4 5 1 2 3 0 16 18 17 20 19 22 21 25 24 23 27 26
11 9 10 6 7 8 4 5 2 3 0 1 12 13 15 14 17 16 19 18 23 21 22 20 25 24 27 26
12 15 14 13 17 16 19 18 21 20 23 22 25 24 27 26 1 2 0 4 3 7 6 5 9 8 11 10
15 13 14 11 12 9 10 8 0 2 1 4 3 6 5 7 21 19 20 17 18 16 23 22 25 24 27 26
16 18 17 19 21 20 24 23 22 27 26 25 1 0 3 2 5 4 7 6 8 10 9 11 13 12 15 14
0 2 1 3 5 4 7 6 11 9 10 8 13 12 15 14 16 19 18 21 20 23 22 25 24 17 27 26
5 3 4 1 2 0 7 6 10 12 11 13 8 9 15 14 18 16 17 20 19 22 21 25 24 23 27 26
18 16 17 21 20 19 23 22 25 24 27 26 1 0 3 2 5 4 7 6 11 9 10 8 13 12 15 14
26 27 24 25 22 23 19 20 21 17 18 16 5 3 4 1 2 0 7 6 10 12 11 13 8 9 15 14
27 24 25 26 22 23 20 21 18 19 16 17 0 2 1 5 4 7 6 3 8 10 9 12 11 14 13 15
0 2 1 3 5 4 7 6 10 12 11 13 8 9 15 14 22 23 20 21 18 19 16 17 25 24 27 26
4 1 2 3 0 7 6 5 9 8 11 10 13 12 15 14 19 20 16 18 17 22 21 25 24 23 27 26
16 18 17 19 21 20 23 22 25 24 27 26 8 15 10 9 12 11 14 13 6 7 4 5 2 3 0 1
16 18 17 19 22 21 20 25 24 23 27 26 0 2 1 4 3 7 6 5 8 10 9 12 11 13 15 14
2 0 1 4 3 7 6 5 9 8 11 10 22 24 23 26 25 27 20 21 18 19 16 17 13 14 15 12
12 14 13 16 15 18 17 19 22 24 23 26 25 27 20 21 10 11 8 9 6 7 4 5 2 3 0 1
26 27 23 24 25 21 22 19 20 17 18 16 1 0 3 2 5 4 7 6 8 10 9 12 11 13 15 14
16 18 17 20 19 24 23 22 21 27 26 25 0 2 1 7 4 3 6 5 9 8 11 10 13 12 15 14
6 7 4 5 1 2 3 0 8 10 9 12 11 13 15 14 27 24 25 26 22 23 20 21 18 19 16 17
1 0 3 2 5 4 7 6 8 10 9 12 11 14 13 15 17 16 19 18 21 20 23 22 25 24 27 26
16 18 17 20 19 23 22 21 26 25 24 27 0 3 2 1 5 4 7 6 9 8 11 10 13 12 15 14
12 14 13 16 15 17 19 18 20 22 21 25 24 23 27 26 2 4 3 0 1 6 5 9 8 7 11 10
0 2 1 7 4 3 6 5 8 10 9 12 11 15 14 13 17 18 16 21 20 19 23 22 25 24 27 26
0 2 1 4 3 5 7 6 8 10 9 13 12 11 15 14 16 17 19 18 21 20 24 23 22 27 26 25
27 25 26 23 24 21 22 20 12 14 13 16 15 18 17 19 11 9 10 6 7 8 4 5 2 3 0 1
1 0 3 2 5 4 7 6 8 10 9 12 11 14 13 15 16 19 18 21 20 23 22 25 24 17 27 26
0 2 1 4 3 6 5 7 13 10 11 12 8 9 15 14 16 19 18 17 21 20 23 22 25 24 27 26
3 1 2 0 5 4 7 6 9 8 11 10 20 22 21 24 23 26 25 27 18 19 12 14 13 16 15 17
1 0 3 2 5 4 7 6 8 9 11 10 13 12 15 14 16 19 18 21 20 23 22 25 24 17 27 26
16 18 17 20 19 23 22 21 26 25 24 27 2 4 3 5 0 1 7 6 9 8 11 10 13 12 15 14
0 3 2 1 5 4 7 6 9 8 11 10 12 14 13 15 17 16 19 18 23 21 22 20 25 24 27 26
12 13 15 14 17 16 19 18 22 24 23 25 20 21 27 26 0 3 2 1 5 4 7 6 9 8 11 10
13 12 15 14 17 16 19 18 20 22 21 23 25 24 27 26 2 0 1 4 3 7 6 5 9 8 11 10
18 16 17 20 19 22 21 25 24 23 27 26 0 3 2 1 5 4 7 6 9 8 11 10 13 12 15 14
12 14 13 16 15 18 17 19 24 25 20 22 21 23 27 26 1 2 0 4 3 6 5 8 7 11 10 9
0 2 1 4 3 5 7 6 14 15 8 10 9 12 11 13 26 27 24 25 21 22 23 19 20 17 18 16
0 2 1 4 3 6 5 7 12 13 8 10 9 11 15 14 18 20 19 16 17 22 21 25 24 23 27 26
14 16 15 17 12 13 19 18 21 20 23 22 25 24 27 26 0 2 1 4 3 7 6 5 10 9 8 11
15 13 14 11 12 9 10 8 0 2 1 4 3 6 5 7 16 19 18 21 20 23 22 25 24 17 27 26
19 17 18 16 21 20 23 22 25 24 27 26 0 2 1 4 3 6 5 7 12 13 8 10 9 11 15 14
0 3 2 1 5 4 7 6 9 8 11 10 13 12 15 14 18 16 17 20 19 22 21 25 24 23 27 26
0 2 1 4 3 5 7 6 8 10 9 12 11 14 13 15 26 27 24 25 21 22 23 19 20 17 18 16
0 2 1 4 3 6 5 7 12 13 8 10 9 11 15 14 26 27 24 25 22 23 19 20 21 17 18 16
16 18 17 21 20 19 23 22 25 24 27 26 8 10 9 12 11 14 13 15 7 5 6 3 4 1 2 0
22 23 20 21 18 19 16 17 25 24 27 26 0 2 1 4 3 6 5 7 10 12 11 13 8 9 15 14
0 2 1 4 3 6 5 8 7 9 11 10 12 14 13 19 16 15 18 17 20 22 21 24 23 27 26 25
14 15 12 13 17 16 19 18 20 25 22 21 24 23 27 26 11 9 10 7 8 4 5 6 2 3 0 1
0 1 3 2 5 4 7 6 9 8 11 10 12 14 13 16 15 17 19 18 20 22 21 25 24 23 27 26
0 2 1 4 3 6 5 8 7 9 11 10 15 13 14 12 17 16 19 18 20 23 22 21 25 24 27 26
13 14 12 16 15 19 18 17 21 20 23 22 25 24 27 26 1 0 4 3 2 6 5 8 7 9 11 10
17 18 16 20 19 23 22 21 25 24 27 26 0 2 1 5 4 3 7 6 9 8 11 10 13 12 15 14
14 15 12 13 17 16 19 18 20 25 22 21 24 23 27 26 10 11 8 9 6 7 4 5 1 2 3 0
0 2 1 3 5 4 7 6 9 8 11 10 19 17 18 15 16 13 14 12 20 22 21 23 25 24 27 26
26 27 23 24 25 21 22 19 20 17 18 16 10 12 11 14 13 15 8 9 6 7 4 5 1 2 3 0
14 16 15 17 12 13 19 18 21 20 23 22 25 24 27 26 4 5 2 3 0 1 7 6 9 8 11 10
18 19 16 17 21 20 23 22 25 24 27 26 0 2 1 4 3 6 5 7 12 13 8 10 9 11 15 14
15 12 13 14 10 11 8 9 6 7 0 2 1 4 3 5 26 27 24 25 22 23 20 21 18 19 16 17
13 12 15 14 17 16 19 18 23 21 22 20 25 24 27 26 10 11 7 8 9 5 6 3 4 1 2 0
10 11 7 8 9 5 6 3 4 1 2 0 15 13 14 12 17 16 19 18 20 23 22 21 25 24 27 26
1 0 3 2 5 4 7 6 8 10 9 13 12 11 15 14 27 25 26 23 24 20 21 22 18 19 16 17
0 2 1 5 4 7 6 3 8 10 9 12 11 14 13 15 17 18 16 20 19 22 21 24 23 27 26 25
15 13 14 11 12 9 10 8 6 7 0 2 1 4 3 5 16 18 17 20 19 21 23 22 25 24 27 26
26 27 24 25 22 23 20 21 12 14 13 16 15 18 17 19 0 1 3 2 6 5 4 9 8 7 11 10
27 24 25 26 22 23 20 21 18 19 12 14 13 16 15 17 0 2 1 4 3 7 6 5 11 10 9 8
0 2 1 4 3 6 5 7 10 12 11 13 8 9 15 14 18 16 17 21 20 19 23 22 25 24 27 26
1 0 3 2 5 4 7 6 9 8 11 10 13 12 15 14 17 16 19 18 20 22 21 24 23 26 25 27
8 9 6 7 4 5 2 3 0 1 11 10 20 22 21 24 23 26 25 27 19 17 18 15 16 13 14 12
15 13 14 11 12 9 10 8 0 2 1 4 3 6 5 7 16 17 20 19 18 22 21 25 24 23 27 26
16 18 17 20 19 21 23 22 25 24 27 26 0 2 1 3 5 4 7 6 10 12 11 13 8 9 15 14
2 0 1 4 3 6 5 8 7 11 10 9 12 13 15 14 17 16 19 18 20 22 21 23 25 24 27 26
26 27 24 25 22 23 20 21 18 19 16 17 0 2 1 4 3 5 7 6 10 12 11 14 13 15 8 9
0 2 1 4 3 6 5 8 7 11 10 9 12 14 13 15 17 16 19 18 24 25 22 23 20 21 27 26
18 16 17 20 19 22 21 25 24 23 27 26 4 1 2 3 0 7 6 5 9 8 11 10 13 12 15 14
18 20 19 16 17 22 21 25 24 23 27 26 0 2 1 5 4 3 7 6 8 10 9 12 11 13 15 14
6 7 4 5 2 3 0 1 9 8 11 10 12 14 13 16 15 19 18 17 20 22 21 24 23 25 27 26
1 0 3 2 5 4 8 7 6 9 11 10 20 22 21 24 23 26 25 27 19 17 18 15 16 13 14 12
1 0 3 2 5 4 7 6 8 10 9 13 12 11 15 14 16 18 17 20 19 22 21 24 23 27 26 25
8 15 10 9 12 11 14 13 6 7 4 5 2 3 0 1 27 25 26 22 23 24 20 21 18 19 16 17
0 3 2 1 5 4 7 6 9 8 11 10 13 12 15 14 16 18 17 19 21 20 24 23 22 27 26 25
3 4 0 2 1 6 5 9 8 7 11 10 19 17 18 15 16 13 14 12 20 22 21 23 25 24 27 26
16 18 17 20 19 22 21 24 23 25 27 26 14 15 12 13 10 11 8 9 0 2 1 4 3 6 5 7
26 27 24 25 22 23 20 21 12 14 13 16 15 18 17 19 0 1 4 3 2 6 5 9 8 7 11 10
1 0 3 2 5 4 7 6 8 10 9 11 13 12 15 14 17 16 20 19 18 22 21 24 23 25 27 26
26 27 24 25 22 23 20 21 17 18 19 16 8 10 9 12 11 14 13 15 6 7 0 2 1 4 3 5
1 0 3 2 5 4 7 6 9 8 11 10 13 14 12 17 16 15 19 18 21 20 23 22 25 24 27 26
14 15 12 13 10 11 8 9 0 2 1 4 3 6 5 7 16 18 17 19 21 20 23 22 25 24 27 26
16 19 18 17 21 20 23 22 25 24 27 26 0 2 1 4 3 5 7 6 8 10 9 13 12 11 15 14
16 18 17 20 19 21 23 22 25 24 27 26 3 1 2 0 5 4 7 6 11 9 10 8 13 12 15 14
10 11 7 8 9 5 6 3 4 1 2 0 14 15 12 13 17 16 19 18 20 25 22 21 24 23 27 26
16 17 19 18 22 21 20 25 24 23 27 26 0 1 3 2 5 4 7 6 11 9 10 8 13 12 15 14
16 18 17 20 19 22 21 24 23 26 25 27 0 2 1 4 3 7 6 5 8 10 9 12 11 13 15 14
10 11 8 9 5 6 7 3 4 1 2 0 27 24 25 26 22 23 20 21 18 19 12 14 13 16 15 17
12 14 13 16 15 19 18 17 24 25 20 22 21 23 27 26 11 9 10 6 7 8 4 5 2 3 0 1
0 2 1 5 4 7 6 3 8 10 9 12 11 14 13 15 16 18 17 19 22 21 20 25 24 23 27 26
0 2 1 4 3 6 5 8 7 9 11 10 15 13 14 12 17 16 19 18 21 22 20 24 23 27 26 25
3 4 0 2 1 6 5 9 8 7 11 10 12 14 13 17 16 15 19 18 20 22 21 24 23 25 27 26
10 11 8 9 5 6 7 3 4 1 2 0 12 15 14 13 17 16 19 18 21 20 23 22 25 24 27 26
26 27 23 24 25 21 22 19 20 17 18 16 0 1 3 2 5 4 7 6 8 10 9 11 13 12 15 14
15 13 14 11 12 9 10 8 0 2 1 4 3 6 5 7 16 17 19 18 21 20 23 22 25 24 27 26
2 0 1 4 3 6 5 9 8 7 11 10 14 15 12 13 17 16 19 18 20 25 22 21 24 23 27 26
26 27 24 25 22 23 20 21 18 19 16 17 0 2 1 4 3 5 7 6 14 15 8 10 9 12 11 13
21 19 20 17 18 16 23 22 25 24 27 26 10 12 11 14 13 15 8 9 6 7 4 5 1 2 3 0
13 12 15 14 17 16 19 18 20 22 21 23 25 24 27 26 11 9 10 6 7 8 4 5 2 3 0 1
1 0 4 3 2 6 5 8 7 9 11 10 15 13 14 12 17 16 19 18 23 21 22 20 25 24 27 26
12 14 13 16 15 18 17 19 22 24 23 26 25 27 20 21 11 8 9 10 6 7 4 5 2 3 0 1
16 18 17 19 21 20 24 23 22 27 26 25 0 2 1 5 4 3 7 6 8 10 9 12 11 13 15 14
17 16 20 19 18 22 21 23 25 24 27 26 1 0 3 2 5 4 7 6 8 10 9 12 11 14 13 15
27 24 25 26 22 23 20 21 18 19 12 14 13 16 15 17 1 0 4 3 2 6 5 7 9 8 11 10
12 14 13 17 16 19 18 15 20 22 21 24 23 26 25 27 1 2 0 4 3 6 5 9 8 7 11 10
1 0 3 2 5 4 7 6 8 10 9 11 13 12 15 14 16 18 17 20 19 21 23 22 25 24 27 26
12 14 13 16 15 18 17 19 24 25 20 22 21 23 27 26 0 2 1 3 6 5 4 9 8 7 11 10
8 15 10 9 12 11 14 13 6 7 4 5 2 3 0 1 16 18 17 20 19 24 23 22 21 27 26 25
3 1 2 0 5 4 7 6 9 8 11 10 13 12 15 14 17 16 19 18 20 22 21 24 23 25 27 26
13 14 12 17 16 15 19 18 21 20 23 22 25 24 27 26 0 2 1 3 6 5 4 9 8 7 11 10
16 18 17 21 20 19 23 22 25 24 27 26 3 1 2 0 5 4 7 6 8 11 10 9 13 12 15 14
12 15 14 13 17 16 19 18 21 20 23 22 25 24 27 26 0 1 3 2 6 5 4 9 8 7 11 10
16 17 19 18 21 20 24 23 22 27 26 25 10 12 11 14 13 15 8 9 6 7 4 5 1 2 3 0
0 2 1 4 3 7 6 5 11 10 9 8 12 14 13 16 15 18 17 19 24 25 20 22 21 23 27 26
8 15 10 9 12 11 14 13 6 7 4 5 2 3 0 1 21 19 20 17 18 16 23 22 25 24 27 26
18 16 17 20 19 23 22 21 25 24 27 26 0 2 1 3 5 4 7 6 12 13 10 11 8 9 15 14
27 25 26 23 24 21 22 20 12 14 13 16 15 18 17 19 0 3 2 1 5 4 7 6 9 8 11 10
4 1 2 3 0 7 6 5 9 8 11 10 13 12 15 14 16 18 17 20 19 22 21 24 23 26 25 27
17 18 16 20 19 23 22 21 25 24 27 26 0 2 1 4 3 5 7 6 8 10 9 13 12 11 15 14
24 25 22 23 20 21 18 19 16 17 27 26 3 1 2 0 5 4 7 6 8 11 10 9 13 12 15 14
16 17 20 19 18 22 21 25 24 23 27 26 0 3 2 1 5 4 7 6 9 8 11 10 13 12 15 14
0 2 1 4 3 7 6 5 10 9 8 11 12 14 13 15 17 16 19 18 23 21 22 20 25 24 27 26
0 2 1 4 3 6 5 7 10 12 11 13 8 9 15 14 27 25 26 23 24 20 21 22 18 19 16 17
20 22 21 23 25 24 27 26 18 19 16 17 14 15 12 13 1 2 0 4 3 7 6 5 9 8 11 10
27 24 25 26 22 23 20 21 18 19 12 14 13 16 15 17 10 11 8 9 6 7 3 4 5 1 2 0
16 18 17 20 19 23 22 21 27 26 25 24 1 0 3 2 5 4 7 6 8 10 9 12 11 14 13 15
0 2 1 5 4 3 7 6 9 8 11 10 12 14 13 16 15 17 19 18 20 22 21 24 23 26 25 27
16 17 19 18 22 21 20 25 24 23 27 26 3 1 2 0 5 4 7 6 9 10 8 12 11 15 14 13
15 13 14 11 12 9 10 8 6 7 0 2 1 4 3 5 18 16 17 20 19 23 22 21 25 24 27 26
0 2 1 4 3 6 5 8 7 11 10 9 20 22 21 24 23 26 25 27 18 19 12 14 13 16 15 17
0 3 2 1 5 4 7 6 9 8 11 10 13 12 15 14 17 16 19 18 20 22 21 24 23 26 25 27
13 12 15 14 17 16 19 18 23 21 22 20 25 24 27 26 0 1 4 3 2 6 5 9 8 7 11 10
12 14 13 16 15 17 19 18 20 22 21 24 23 26 25 27 1 0 3 2 5 4 7 6 9 8 11 10
5 3 4 1 2 0 7 6 9 8 11 10 12 14 13 16 15 17 19 18 26 27 20 22 21 24 23 25
3 1 2 0 5 4 7 6 9 8 11 10 12 13 15 14 17 16 19 18 22 24 23 25 20 21 27 26
26 27 24 25 22 23 20 21 12 14 13 16 15 18 17 19 0 2 1 5 4 3 7 6 9 8 11 10
3 1 2 0 5 4 7 6 9 8 11 10 12 14 13 16 15 18 17 19 22 24 23 25 20 21 27 26
1 2 0 4 3 7 6 5 9 8 11 10 12 13 15 14 17 16 19 18 23 21 22 20 25 24 27 26
27 24 25 26 22 23 20 21 18 19 12 14 13 16 15 17 0 2 1 3 5 4 8 7 6 11 10 9
5 3 4 1 2 0 7 6 9 8 11 10 13 12 15 14 17 16 19 18 20 22 21 25 24 23 27 26
5 3 4 1 2 0 7 6 9 8 11 10 27 25 26 23 24 21 22 20 18 19 12 14 13 16 15 17
4 1 2 3 0 7 6 5 9 8 11 10 13 12 15 14 16 17 19 18 22 21 20 25 24 23 27 26
0 2 1 3 5 4 7 6 9 8 11 10 12 14 13 16 15 17 19 18 26 27 20 22 21 24 23 25
0 2 1 3 5 4 7 6 12 13 10 11 8 9 15 14 18 16 17 20 19 22 21 25 24 23 27 26
17 18 16 20 19 22 21 25 24 23 27 26 0 2 1 4 3 7 6 5 8 10 9 12 11 13 15 14
16 19 18 17 21 20 23 22 25 24 27 26 0 2 1 7 4 3 6 5 9 8 11 10 13 12 15 14
0 2 1 3 5 4 7 6 12 13 10 11 8 9 15 14 26 27 24 25 21 22 23 19 20 17 18 16
0 1 4 3 2 6 5 9 8 7 11 10 20 27 22 21 24 23 26 25 18 19 16 17 14 15 12 13
26 27 24 25 22 23 20 21 17 18 19 16 0 2 1 3 5 4 7 6 10 12 11 13 8 9 15 14
17 16 20 19 18 22 21 24 23 25 27 26 0 2 1 4 3 6 5 7 12 13 8 10 9 11 15 14
0 2 1 5 4 3 7 6 8 10 9 12 11 13 15 14 20 21 18 19 16 17 23 22 25 24 27 26
18 20 19 16 17 22 21 25 24 23 27 26 3 1 2 0 5 4 7 6 9 10 8 12 11 15 14 13
1 0 3 2 5 4 7 6 8 10 9 12 11 14 13 15 16 17 19 18 21 20 24 23 22 27 26 25
22 24 23 26 25 27 20 21 18 19 16 17 13 14 15 12 1 0 4 3 2 6 5 7 9 8 11 10
1 0 3 2 5 4 8 7 6 9 11 10 20 27 22 21 24 23 26 25 18 19 16 17 14 15 12 13
16 17 20 19 18 22 21 25 24 23 27 26 0 2 1 4 3 6 5 7 13 10 11 12 8 9 15 14
12 14 13 16 15 18 17 19 24 25 20 22 21 23 27 26 0 3 2 5 4 7 6 9 8 1 11 10
4 5 2 3 0 1 7 6 9 8 11 10 20 22 21 23 25 24 27 26 18 19 16 17 14 15 12 13
12 14 13 15 17 16 19 18 23 21 22 20 25 24 27 26 0 2 1 3 5 4 8 7 6 11 10 9
17 16 19 18 22 21 20 24 23 25 27 26 0 2 1 3 5 4 7 6 10 12 11 13 8 9 15 14
17 16 19 18 21 20 23 22 25 24 27 26 2 3 0 1 5 4 7 6 8 13 10 9 12 11 15 14
1 2 0 5 4 3 7 6 9 8 11 10 15 13 14 12 17 16 19 18 23 21 22 20 25 24 27 26
16 18 17 20 19 22 21 24 23 27 26 25 8 10 9 12 11 14 13 15 7 5 6 3 4 1 2 0
0 2 1 4 3 6 5 8 7 11 10 9 12 14 13 16 15 18 17 19 25 22 23 24 20 21 27 26
0 2 1 3 5 4 7 6 11 9 10 8 13 12 15 14 18 20 19 16 17 22 21 25 24 23 27 26
1 0 3 2 5 4 7 6 11 9 10 8 13 12 15 14 18 16 17 20 19 22 21 25 24 23 27 26
2 3 0 1 5 4 7 6 9 8 11 10 13 12 15 14 17 16 19 18 21 20 24 23 22 25 27 26
12 14 13 16 15 18 17 19 22 24 23 25 20 21 27 26 11 9 10 6 7 8 4 5 2 3 0 1
10 11 8 9 6 7 3 4 5 1 2 0 20 22 21 23 25 24 27 26 18 19 16 17 14 15 12 13
0 2 1 4 3 7 6 5 9 8 11 10 20 27 22 21 24 23 26 25 18 19 16 17 14 15 12 13
26 27 23 24 25 21 22 19 20 17 18 16 1 2 0 5 4 3 7 6 9 8 11 10 13 12 15 14
0 2 1 4 3 5 7 6 8 10 9 12 11 14 13 15 16 17 19 18 21 20 24 23 22 27 26 25
12 14 13 16 15 19 18 17 20 22 21 24 23 25 27 26 10 11 8 9 5 6 7 3 4 1 2 0
0 2 1 4 3 6 5 7 10 12 11 13 8 9 15 14 16 18 17 19 21 20 24 23 22 27 26 25
13 12 15 14 17 16 19 18 20 22 21 24 23 26 25 27 1 0 4 3 2 6 5 7 9 8 11 10
12 14 13 15 17 16 19 18 23 21 22 20 25 24 27 26 11 8 9 10 6 7 4 5 2 3 0 1
12 14 13 16 15 19 18 17 20 22 21 24 23 25 27 26 4 5 2 3 0 1 7 6 9 8 11 10
0 1 3 2 5 4 7 6 8 10 9 11 13 12 15 14 16 25 18 17 20 19 22 21 24 23 27 26
0 1 3 2 5 4 7 6 10 12 11 13 8 9 15 14 18 19 16 17 21 20 23 22 25 24 27 26
1 2 0 5 4 3 7 6 9 8 11 10 13 12 15 14 16 19 18 21 20 23 22 25 24 17 27 26
0 2 1 4 3 6 5 7 12 13 8 10 9 11 15 14 26 27 24 25 21 22 23 19 20 17 18 16
16 18 17 20 19 23 22 21 26 25 24 27 0 2 1 3 5 4 7 6 10 12 11 13 8 9 15 14
27 24 25 26 22 23 20 21 18 19 12 14 13 16 15 17 10 11 7 8 9 5 6 3 4 1 2 0
11 9 10 7 8 5 6 2 3 4 0 1 12 13 15 14 17 16 19 18 23 21 22 20 25 24 27 26
12 14 13 16 15 17 19 18 20 22 21 24 23 26 25 27 0 3 2 5 4 7 6 9 8 1 11 10
8 15 10 9 12 11 14 13 6 7 4 5 2 3 0 1 20 21 18 19 16 17 23 22 25 24 27 26
16 17 20 19 18 22 21 25 24 23 27 26 1 0 3 2 5 4 7 6 8 10 9 11 13 12 15 14
13 12 15 14 17 16 19 18 20 22 21 24 23 26 25 27 11 8 9 10 6 7 4 5 2 3 0 1
0 3 2 1 5 4 7 6 9 8 11 10 12 14 13 19 16 15 18 17 20 22 21 24 23 27 26 25
0 2 1 4 3 6 5 8 7 9 11 10 12 14 13 16 15 18 17 19 24 25 20 22 21 23 27 26
16 18 17 20 19 22 21 24 23 25 27 26 2 3 0 1 5 4 7 6 9 8 11 10 13 12 15 14
12 14 13 16 15 17 19 18 20 22 21 24 23 26 25 27 0 3 2 1 5 4 7 6 9 8 11 10
1 0 3 2 5 4 7 6 8 10 9 11 13 12 15 14 16 18 17 21 20 19 23 22 25 24 27 26
13 14 12 17 16 15 19 18 21 20 23 22 25 24 27 26 1 0 4 3 2 6 5 7 9 8 11 10
12 13 15 14 17 16 19 18 20 22 21 23 25 24 27 26 0 2 1 4 3 6 5 9 8 7 11 10
0 2 1 3 5 4 7 6 12 13 10 11 8 9 15 14 17 16 19 18 21 20 24 23 22 25 27 26
17 16 20 19 18 22 21 24 23 25 27 26 0 2 1 3 5 4 7 6 10 12 11 13 8 9 15 14
2 4 3 5 0 1 7 6 9 8 11 10 13 12 15 14 16 18 17 20 19 23 22 21 27 26 25 24
0 2 1 3 5 4 7 6 11 9 10 8 13 12 15 14 16 18 17 20 19 24 23 22 21 27 26 25
12 14 13 16 15 17 19 18 20 22 21 24 23 26 25 27 1 0 3 2 5 4 8 7 6 9 11 10
12 14 13 16 15 18 17 19 22 24 23 26 25 27 20 21 8 9 6 7 4 5 2 3 0 1 11 10
12 14 13 16 15 18 17 19 22 24 23 25 20 21 27 26 0 1 3 2 6 5 4 9 8 7 11 10
10 11 8 9 5 6 7 3 4 1 2 0 13 14 12 16 15 19 18 17 21 20 23 22 25 24 27 26
0 2 1 4 3 6 5 9 8 7 11 10 20 22 21 24 23 26 25 27 18 19 12 14 13 16 15 17
0 3 2 1 5 4 7 6 9 8 11 10 20 22 21 23 25 24 27 26 18 19 16 17 14 15 12 13
11 8 9 10 6 7 4 5 2 3 0 1 12 14 13 17 16 15 19 18 20 22 21 24 23 25 27 26
11 9 10 6 7 8 4 5 2 3 0 1 27 25 26 23 24 21 22 20 12 14 13 16 15 18 17 19
5 3 4 1 2 0 7 6 9 8 11 10 20 22 21 24 23 26 25 27 19 17 18 15 16 13 14 12
27 25 26 22 23 24 20 21 18 19 16 17 15 13 14 11 12 9 10 8 0 2 1 4 3 6 5 7
20 27 22 21 24 23 26 25 18 19 16 17 14 15 12 13 0 2 1 3 5 4 8 7 6 11 10 9
11 9 10 7 8 4 5 6 2 3 0 1 12 14 13 16 15 17 19 18 20 22 21 25 24 23 27 26
16 18 17 20 19 22 21 24 23 27 26 25 3 1 2 0 5 4 7 6 8 11 10 9 13 12 15 14
0 2 1 4 3 5 7 6 8 10 9 13 12 11 15 14 19 17 18 16 21 20 23 22 25 24 27 26
12 14 13 16 15 17 19 18 22 24 23 26 25 27 20 21 1 0 3 2 5 4 7 6 9 8 11 10
14 15 12 13 10 11 8 9 0 2 1 4 3 6 5 7 27 24 25 26 22 23 20 21 18 19 16 17
1 0 4 3 2 6 5 8 7 9 11 10 15 13 14 12 17 16 19 18 21 22 20 24 23 27 26 25
0 1 3 2 5 4 7 6 8 10 9 11 13 12 15 14 16 17 19 18 21 20 23 22 25 24 27 26
15 12 13 14 10 11 8 9 6 7 0 2 1 4 3 5 27 25 26 23 24 21 22 18 19 20 16 17
0 2 1 7 4 3 6 5 9 8 11 10 13 12 15 14 26 27 24 25 21 22 23 19 20 17 18 16
0 2 1 4 3 5 7 6 10 12 11 14 13 15 8 9 16 18 17 19 22 21 20 25 24 23 27 26
1 0 3 2 5 4 7 6 8 9 11 10 13 12 15 14 16 18 17 21 20 19 23 22 25 24 27 26
19 17 18 15 16 13 14 12 20 22 21 23 25 24 27 26 1 0 3 2 5 4 7 6 9 8 11 10
20 27 22 21 24 23 26 25 18 19 16 17 14 15 12 13 2 0 1 4 3 6 5 9 8 7 11 10
13 12 15 14 17 16 19 18 20 22 21 23 25 24 27 26 1 0 4 3 2 6 5 8 7 9 11 10
0 2 1 4 3 5 7 6 10 12 11 14 13 15 8 9 18 16 17 20 19 22 21 24 23 27 26 25
1 0 4 3 2 6 5 7 9 8 11 10 12 14 13 17 16 19 18 15 20 22 21 24 23 26 25 27
12 14 13 15 17 16 19 18 22 24 23 25 20 21 27 26 11 9 10 7 8 4 5 6 2 3 0 1
0 1 4 3 2 6 5 9 8 7 11 10 12 14 13 16 15 19 18 17 20 22 21 24 23 25 27 26
16 18 17 20 19 22 21 24 23 25 27 26 0 2 1 4 3 7 6 5 8 10 9 12 11 13 15 14
0 2 1 4 3 6 5 7 12 13 8 10 9 11 15 14 17 16 19 18 21 20 24 23 22 25 27 26
14 15 12 13 17 16 19 18 21 20 23 22 25 24 27 26 0 2 1 3 6 5 4 9 8 7 11 10
12 14 13 16 15 18 17 19 24 25 20 22 21 23 27 26 1 0 3 2 6 5 4 8 7 9 11 10
0 1 3 2 5 4 7 6 9 8 11 10 13 12 15 14 17 16 19 18 20 22 21 23 25 24 27 26
26 27 24 25 22 23 20 21 17 18 19 16 7 5 6 3 4 1 2 0 8 10 9 11 13 12 15 14
17 18 16 21 20 19 23 22 25 24 27 26 0 1 3 2 5 4 7 6 10 12 11 13 8 9 15 14
13 14 12 16 15 19 18 17 21 20 23 22 25 24 27 26 1 2 0 4 3 6 5 9 8 7 11 10
16 25 18 17 20 19 22 21 24 23 27 26 0 3 2 1 5 4 7 6 9 8 11 10 13 12 15 14
2 4 3 0 1 6 5 9 8 7 11 10 16 13 14 15 12 19 18 17 21 20 23 22 25 24 27 26
1 0 3 2 5 4 7 6 9 8 11 10 16 13 14 15 12 19 18 17 21 20 23 22 25 24 27 26
1 2 0 4 3 7 6 5 9 8 11 10 20 22 21 23 25 24 27 26 18 19 16 17 14 15 12 13
17 15 16 13 14 12 19 18 22 24 23 25 20 21 27 26 0 2 1 4 3 7 6 5 9 8 11 10
16 17 19 18 21 20 24 23 22 27 26 25 0 2 1 3 5 4 7 6 11 9 10 8 13 12 15 14
26 27 24 25 22 23 20 21 12 14 13 16 15 18 17 19 0 1 3 2 5 4 8 7 6 11 10 9
12 14 13 16 15 19 18 17 24 25 20 22 21 23 27 26 0 2 1 3 5 4 8 7 6 11 10 9
26 27 24 25 22 23 19 20 21 17 18 16 7 5 6 3 4 1 2 0 8 10 9 11 13 12 15 14
15 13 14 12 17 16 19 18 23 21 22 20 25 24 27 26 1 0 3 2 6 5 4 8 7 9 11 10
22 24 23 26 25 27 20 21 18 19 16 17 13 14 15 12 3 1 2 0 5 4 7 6 9 8 11 10
16 18 17 20 19 21 23 22 25 24 27 26 8 10 9 12 11 14 13 15 7 5 6 3 4 1 2 0
1 2 0 4 3 6 5 8 7 11 10 9 16 13 14 15 12 19 18 17 21 20 23 22 25 24 27 26
0 1 3 2 5 4 7 6 10 12 11 13 8 9 15 14 17 16 19 18 21 20 23 22 25 24 27 26
3 1 2 0 5 4 7 6 8 11 10 9 13 12 15 14 18 20 19 16 17 22 21 25 24 23 27 26
16 17 20 19 18 22 21 25 24 23 27 26 2 3 0 1 5 4 7 6 8 13 10 9 12 11 15 14
12 14 13 16 15 17 19 18 22 24 23 26 25 27 20 21 11 8 9 10 6 7 4 5 2 3 0 1
10 11 8 9 6 7 3 4 5 1 2 0 14 15 12 13 17 16 19 18 21 20 23 22 25 24 27 26
12 14 13 19 16 15 18 17 20 22 21 24 23 27 26 25 2 0 1 4 3 7 6 5 9 8 11 10
17 18 16 21 20 19 23 22 25 24 27 26 6 7 4 5 1 2 3 0 8 10 9 12 11 13 15 14
15 13 14 12 17 16 19 18 20 23 22 21 25 24 27 26 11 8 9 10 6 7 4 5 2 3 0 1
19 17 18 15 16 13 14 12 20 22 21 23 25 24 27 26 0 1 3 2 5 4 8 7 6 11 10 9
2 4 3 5 0 1 7 6 9 8 11 10 13 12 15 14 17 18 16 20 19 22 21 25 24 23 27 26
0 2 1 3 5 4 8 7 6 11 10 9 12 14 13 16 15 18 17 19 22 24 23 25 20 21 27 26
26 27 24 25 22 23 20 21 18 19 16 17 1 0 3 2 5 4 7 6 11 9 10 8 13 12 15 14
14 15 12 13 10 11 8 9 0 2 1 4 3 6 5 7 16 18 17 20 19 24 23 22 21 27 26 25
15 13 14 12 17 16 19 18 21 22 20 24 23 27 26 25 1 2 0 4 3 6 5 8 7 11 10 9
12 14 13 16 15 17 19 18 20 22 21 25 24 23 27 26 0 2 1 3 5 4 7 6 9 8 11 10
22 24 23 26 25 27 20 21 18 19 16 17 13 14 15 12 0 3 2 1 5 4 7 6 9 8 11 10
0 2 1 4 3 7 6 5 8 10 9 12 11 13 15 14 16 18 17 21 20 19 23 22 25 24 27 26
0 2 1 3 5 4 7 6 10 12 11 13 8 9 15 14 16 18 17 20 19 22 21 25 24 23 27 26
18 20 19 16 17 22 21 25 24 23 27 26 0 2 1 4 3 7 6 5 8 10 9 12 11 13 15 14
11 9 10 7 8 4 5 6 2 3 0 1 12 14 13 16 15 18 17 19 22 24 23 26 25 27 20 21
12 14 13 16 15 17 19 18 26 27 20 22 21 24 23 25 0 2 1 4 3 7 6 5 9 8 11 10
0 2 1 4 3 7 6 5 9 8 11 10 26 27 24 25 22 23 20 21 12 14 13 16 15 18 17 19
17 18 16 21 20 19 23 22 25 24 27 26 0 1 3 2 5 4 7 6 11 9 10 8 13 12 15 14
0 2 1 3 6 5 4 9 8 7 11 10 20 27 22 21 24 23 26 25 18 19 16 17 14 15 12 13
12 14 13 15 17 16 19 18 24 25 22 23 20 21 27 26 10 11 8 9 6 7 4 5 2 3 0 1
0 2 1 5 4 3 7 6 9 8 11 10 13 12 15 14 27 25 26 23 24 21 22 18 19 20 16 17
0 2 1 3 5 4 7 6 10 12 11 13 8 9 15 14 16 19 18 17 21 20 23 22 25 24 27 26
1 2 0 4 3 7 6 5 9 8 11 10 13 12 15 14 27 25 26 22 23 24 20 21 18 19 16 17
26 27 24 25 21 22 23 19 20 17 18 16 0 2 1 3 5 4 7 6 12 13 10 11 8 9 15 14
8 15 10 9 12 11 14 13 6 7 4 5 2 3 0 1 16 17 19 18 22 21 20 25 24 23 27 26
1 2 0 4 3 6 5 8 7 11 10 9 15 13 14 12 17 16 19 18 21 22 20 24 23 27 26 25
12 14 13 15 17 16 19 18 23 21 22 20 25 24 27 26 10 11 7 8 9 5 6 3 4 1 2 0
16 18 17 20 19 23 22 21 27 26 25 24 0 1 3 2 5 4 7 6 11 9 10 8 13 12 15 14
0 2 1 4 3 6 5 7 13 10 11 12 8 9 15 14 19 20 16 18 17 22 21 25 24 23 27 26
19 17 18 15 16 13 14 12 20 22 21 23 25 24 27 26 0 2 1 3 5 4 8 7 6 11 10 9
21 19 20 17 18 16 23 22 25 24 27 26 0 2 1 4 3 5 7 6 8 10 9 12 11 14 13 15
0 2 1 4 3 5 7 6 8 10 9 13 12 11 15 14 17 18 16 20 19 22 21 24 23 27 26 25
13 12 15 14 17 16 19 18 20 22 21 24 23 25 27 26 0 1 3 2 5 4 7 6 9 8 11 10
12 14 13 17 16 19 18 15 20 22 21 24 23 26 25 27 1 0 3 2 5 4 7 6 9 8 11 10
12 14 13 16 15 18 17 19 25 22 23 24 20 21 27 26 0 2 1 3 6 5 4 9 8 7 11 10
0 2 1 4 3 6 5 8 7 10 9 11 12 14 13 16 15 18 17 19 22 24 23 26 25 27 20 21
12 14 13 15 17 16 19 18 23 21 22 20 25 24 27 26 2 4 3 0 1 6 5 9 8 7 11 10
0 2 1 3 5 4 7 6 10 12 11 13 8 9 15 14 18 16 17 21 20 19 23 22 25 24 27 26
1 2 0 4 3 6 5 9 8 7 11 10 13 12 15 14 17 16 19 18 20 22 21 24 23 25 27 26
0 2 1 4 3 7 6 5 8 10 9 12 11 13 15 14 16 18 17 20 19 24 23 22 21 27 26 25
1 0 4 3 2 6 5 8 7 9 11 10 12 15 14 13 17 16 19 18 21 20 23 22 25 24 27 26
0 2 1 5 4 3 7 6 9 8 11 10 13 12 15 14 17 18 16 21 20 19 23 22 25 24 27 26
0 2 1 4 3 6 5 9 8 7 11 10 12 14 13 16 15 18 17 19 24 25 20 22 21 23 27 26
27 24 25 26 22 23 20 21 18 19 12 14 13 16 15 17 0 1 3 2 6 5 4 9 8 7 11 10
16 18 17 20 19 21 23 22 25 24 27 26 1 2 0 5 4 3 7 6 9 8 11 10 13 12 15 14
12 13 15 14 17 16 19 18 23 21 22 20 25 24 27 26 2 0 1 4 3 6 5 9 8 7 11 10
10 11 8 9 5 6 7 3 4 1 2 0 13 12 15 14 17 16 19 18 20 22 21 23 25 24 27 26
0 2 1 4 3 6 5 7 12 13 8 10 9 11 15 14 17 16 19 18 21 20 24 23 22 25 27 26
18 16 17 20 19 22 21 24 23 27 26 25 8 15 10 9 12 11 14 13 6 7 4 5 2 3 0 1
0 2 1 4 3 8 7 6 5 11 10 9 12 14 13 17 16 15 19 18 21 20 23 22 25 24 27 26
0 2 1 4 3 7 6 5 12 13 8 10 9 11 15 14 22 23 20 21 18 19 16 17 25 24 27 26
16 17 19 18 21 20 23 22 25 24 27 26 4 1 2 3 0 7 6 5 9 8 11 10 13 12 15 14
17 16 20 19 18 22 21 23 25 24 27 26 1 0 3 2 5 4 7 6 8 10 9 13 12 11 15 14
0 2 1 5 4 7 6 3 8 10 9 12 11 14 13 15 21 19 20 17 18 16 23 22 25 24 27 26
11 9 10 7 8 5 6 2 3 4 0 1 12 14 13 15 17 16 19 18 24 25 22 23 20 21 27 26
5 3 4 1 2 0 7 6 10 12 11 13 8 9 15 14 16 18 17 20 19 21 23 22 25 24 27 26
5 3 4 1 2 0 7 6 10 12 11 13 8 9 15 14 16 18 17 20 19 23 22 21 27 26 25 24
16 13 14 15 12 19 18 17 21 20 23 22 25 24 27 26 1 0 3 2 5 4 8 7 6 9 11 10
12 13 15 14 17 16 19 18 23 21 22 20 25 24 27 26 0 2 1 4 3 8 7 6 5 11 10 9
10 11 7 8 9 5 6 3 4 1 2 0 16 13 14 15 12 19 18 17 21 20 23 22 25 24 27 26
22 24 23 26 25 27 20 21 18 19 16 17 13 14 15 12 10 11 7 8 9 5 6 3 4 1 2 0
16 18 17 19 22 21 20 25 24 23 27 26 0 2 1 3 5 4 7 6 10 12 11 13 8 9 15 14
17 18 16 20 19 22 21 25 24 23 27 26 0 2 1 3 5 4 7 6 11 9 10 8 13 12 15 14
8 10 9 12 11 14 13 15 6 7 0 2 1 4 3 5 16 17 19 18 21 20 24 23 22 27 26 25
20 27 22 21 24 23 26 25 18 19 16 17 14 15 12 13 10 11 7 8 9 5 6 3 4 1 2 0
12 14 13 16 15 17 19 18 20 22 21 25 24 23 27 26 2 0 1 4 3 7 6 5 9 8 11 10
3 1 2 0 5 4 7 6 9 8 11 10 12 14 13 16 15 17 19 18 26 27 20 22 21 24 23 25
12 14 13 15 17 16 19 18 22 24 23 25 20 21 27 26 2 0 1 4 3 6 5 8 7 11 10 9
16 19 18 21 20 23 22 25 24 17 27 26 3 1 2 0 5 4 7 6 9 10 8 12 11 15 14 13
0 2 1 4 3 6 5 7 10 12 11 14 13 15 8 9 18 20 19 16 17 22 21 25 24 23 27 26
1 2 0 4 3 7 6 5 9 8 11 10 13 12 15 14 16 17 19 18 21 20 24 23 22 27 26 25
16 18 17 19 21 20 24 23 22 27 26 25 0 2 1 4 3 5 7 6 8 10 9 12 11 14 13 15
11 9 10 6 7 8 4 5 2 3 0 1 12 14 13 16 15 17 19 18 20 22 21 25 24 23 27 26
0 2 1 5 4 7 6 3 8 10 9 12 11 14 13 15 16 18 17 19 21 20 24 23 22 27 26 25
0 2 1 4 3 6 5 9 8 7 11 10 12 14 13 15 17 16 19 18 23 21 22 20 25 24 27 26
0 2 1 4 3 5 7 6 8 10 9 13 12 11 15 14 16 17 19 18 22 21 20 25 24 23 27 26
0 1 3 2 5 4 7 6 10 12 11 13 8 9 15 14 16 25 18 17 20 19 22 21 24 23 27 26
13 12 15 14 17 16 19 18 20 22 21 25 24 23 27 26 1 0 4 3 2 6 5 8 7 9 11 10
12 14 13 16 15 18 17 19 22 24 23 26 25 27 20 21 2 4 3 0 1 6 5 9 8 7 11 10
12 13 15 14 17 16 19 18 20 22 21 23 25 24 27 26 0 2 1 4 3 6 5 8 7 10 9 11
20 22 21 23 25 24 27 26 18 19 16 17 14 15 12 13 0 2 1 3 6 5 4 9 8 7 11 10
16 18 17 20 19 22 21 24 23 27 26 25 0 2 1 5 4 3 7 6 8 10 9 12 11 13 15 14
12 14 13 15 17 16 19 18 22 24 23 25 20 21 27 26 0 2 1 4 3 8 7 6 5 11 10 9
12 14 13 16 15 17 19 18 20 22 21 25 24 23 27 26 0 1 3 2 5 4 7 6 9 8 11 10
0 2 1 3 5 4 7 6 9 8 11 10 14 15 12 13 17 16 19 18 21 20 23 22 25 24 27 26
0 9 2 1 4 3 6 5 8 7 11 10 13 12 15 14 17 16 19 18 23 21 22 20 25 24 27 26
16 18 17 20 19 24 23 22 21 27 26 25 0 3 2 1 5 4 7 6 9 8 11 10 13 12 15 14
1 0 3 2 5 4 7 6 11 9 10 8 13 12 15 14 27 24 25 26 22 23 20 21 18 19 16 17
16 18 17 20 19 23 22 21 26 25 24 27 15 13 14 11 12 9 10 8 6 7 0 2 1 4 3 5
16 18 17 20 19 22 21 25 24 23 27 26 0 1 3 2 5 4 7 6 8 10 9 11 13 12 15 14
3 4 0 2 1 6 5 9 8 7 11 10 13 12 15 14 17 16 19 18 20 22 21 24 23 26 25 27
13 12 15 14 17 16 19 18 20 22 21 24 23 25 27 26 10 11 8 9 5 6 7 3 4 1 2 0
15 13 14 12 17 16 19 18 21 22 20 24 23 27 26 25 0 2 1 4 3 7 6 5 10 9 8 11
0 2 1 3 5 4 7 6 11 9 10 8 13 12 15 14 18 16 17 20 19 22 21 24 23 27 26 25
0 2 1 4 3 8 7 6 5 11 10 9 13 12 15 14 17 16 19 18 20 22 21 23 25 24 27 26
3 4 0 2 1 6 5 9 8 7 11 10 13 14 12 17 16 15 19 18 21 20 23 22 25 24 27 26
16 18 17 20 19 23 22 21 26 25 24 27 2 3 0 1 5 4 7 6 8 13 10 9 12 11 15 14
24 25 22 23 20 21 18 19 16 17 27 26 0 2 1 4 3 7 6 5 12 13 8 10 9 11 15 14
10 11 8 9 6 7 4 5 2 3 0 1 20 27 22 21 24 23 26 25 18 19 16 17 14 15 12 13
12 14 13 16 15 19 18 17 24 25 20 22 21 23 27 26 0 1 3 2 5 4 8 7 6 11 10 9
12 13 15 14 17 16 19 18 22 24 23 25 20 21 27 26 0 2 1 4 3 7 6 5 10 9 8 11
12 14 13 16 15 17 19 18 26 27 20 22 21 24 23 25 0 2 1 4 3 7 6 5 11 10 9 8
3 1 2 0 5 4 7 6 9 8 11 10 20 22 21 23 25 24 27 26 18 19 16 17 14 15 12 13
1 0 3 2 5 4 7 6 8 10 9 12 11 13 15 14 16 19 18 21 20 23 22 25 24 17 27 26
0 2 1 4 3 6 5 7 10 12 11 14 13 15 8 9 16 19 18 17 21 20 23 22 25 24 27 26
0 2 1 7 4 3 6 5 8 10 9 12 11 15 14 13 16 19 18 17 21 20 23 22 25 24 27 26
22 23 20 21 18 19 16 17 25 24 27 26 1 0 3 2 5 4 7 6 8 10 9 12 11 13 15 14
12 14 13 15 17 16 19 18 22 24 23 25 20 21 27 26 1 2 0 4 3 6 5 9 8 7 11 10
0 3 2 5 4 7 6 9 8 1 11 10 20 22 21 23 25 24 27 26 18 19 16 17 14 15 12 13
27 25 26 23 24 21 22 20 18 19 12 14 13 16 15 17 10 11 8 9 6 7 4 5 1 2 3 0
8 10 9 12 11 14 13 15 7 5 6 3 4 1 2 0 18 16 17 20 19 22 21 24 23 27 26 25
6 7 4 5 1 2 3 0 8 10 9 12 11 13 15 14 16 18 17 20 19 21 23 22 25 24 27 26
22 24 23 26 25 27 20 21 18 19 16 17 13 14 15 12 10 11 8 9 6 7 4 5 2 3 0 1
27 25 26 23 24 21 22 20 12 14 13 16 15 18 17 19 1 0 3 2 5 4 8 7 6 9 11 10
10 12 11 14 13 15 8 9 6 7 4 5 1 2 3 0 17 18 16 20 19 22 21 24 23 27 26 25
